2 0.375 0.63359375 0.040625 0.0671875
2 0.3109375 0.4359375 0.0265625 0.0453125
2 0.559375 0.51484375 0.0375 0.0640625
2 0.4171875 0.471875 0.034375 0.05625
2 0.80078125 0.5609375 0.04375 0.0703125
2 0.32734375 0.43203125 0.028125 0.0484375
2 0.47734375 0.43046875 0.034375 0.05
2 0.53984375 0.55234375 0.0359375 0.0671875
2 0.75859375 0.5171875 0.0421875 0.0796875
2 0.6171875 0.42890625 0.025 0.059375
2 0.51640625 0.3796875 0.0203125 0.046875
2 0.6265625 0.42109375 0.0265625 0.0625
2 0.5078125 0.38125 0.0234375 0.0484375