2 0.64296875 0.48359375 0.034375 0.0578125
2 0.65703125 0.60390625 0.0359375 0.059375
2 0.4703125 0.490625 0.03125 0.0578125
2 0.559375 0.4078125 0.0328125 0.0578125
2 0.453125 0.40234375 0.03125 0.053125
2 0.709375 0.5921875 0.0359375 0.059375
2 0.66640625 0.4796875 0.028125 0.046875
2 0.6125 0.5703125 0.0390625 0.059375
2 0.6125 0.409375 0.0265625 0.04375
0 0.50703125 0.4 0.0140625 0.015625
2 0.48046875 0.453125 0.0296875 0.05
2 0.45390625 0.38203125 0.015625 0.03125
2 0.56796875 0.38828125 0.0171875 0.034375
2 0.6234375 0.40625 0.021875 0.0421875
2 0.61484375 0.55234375 0.0203125 0.034375