2 0.34296875 0.4015625 0.025 0.0515625
2 0.28828125 0.41171875 0.0265625 0.0671875
2 0.6203125 0.46171875 0.0203125 0.0515625
2 0.625 0.47265625 0.0203125 0.0625
2 0.709375 0.465625 0.01875 0.0546875
2 0.75625 0.48828125 0.025 0.0609375
2 0.4578125 0.5609375 0.03125 0.0828125
2 0.5703125 0.61484375 0.0359375 0.0828125
2 0.63046875 0.5453125 0.0328125 0.059375
2 0.6359375 0.5640625 0.0328125 0.06875
2 0.8859375 0.71640625 0.0359375 0.1046875
2 0.8328125 0.66015625 0.0375 0.09375
2 0.7359375 0.63359375 0.040625 0.084375
2 0.71796875 0.62578125 0.0375 0.078125