2 0.5796875 0.32890625 0.0171875 0.053125
2 0.5375 0.86171875 0.03671875 0.09296875
2 0.475 0.41796875 0.025 0.05546875
2 0.465625 0.67421875 0.03359375 0.07890625
2 0.5375 0.459375 0.02578125 0.05703125
2 0.3921875 0.66015625 0.02578125 0.065625
2 0.54375 0.784375 0.03828125 0.07109375
2 0.47265625 0.31640625 0.0234375 0.05546875
2 0.4984375 0.284375 0.021875 0.0515625
2 0.3671875 0.32890625 0.02578125 0.05859375
2 0.259375 0.46171875 0.0203125 0.065625
0 0.28515625 0.35234375 0.0125 0.015625
2 0.2453125 0.4375 0.01796875 0.05859375
2 0.3609375 0.30703125 0.0171875 0.028125
2 0.58359375 0.3015625 0.01484375 0.04453125