2 0.31484375 0.5359375 0.0578125 0.1296875
2 0.37578125 0.5296875 0.0640625 0.115625
2 0.45703125 0.3859375 0.040625 0.0859375
2 0.553125 0.3703125 0.0359375 0.078125
2 0.65625 0.321875 0.034375 0.078125
2 0.59765625 0.309375 0.025 0.065625
2 0.60703125 0.26484375 0.021875 0.0546875
2 0.60078125 0.2625 0.01875 0.04375
2 0.56484375 0.49375 0.0546875 0.115625
2 0.571875 0.46484375 0.0421875 0.090625
2 0.915625 0.57265625 0.0640625 0.11875
2 0.87265625 0.56953125 0.0625 0.121875
2 0.87578125 0.54140625 0.0578125 0.1125