2 0.53046875 0.571875 0.0234375 0.084375
2 0.68046875 0.634375 0.0203125 0.1
2 0.3671875 0.56796875 0.021875 0.0890625
2 0.46171875 0.56171875 0.0203125 0.0734375
2 0.34296875 0.57421875 0.0234375 0.078125
2 0.58828125 0.575 0.01875 0.075
2 0.5171875 0.22578125 0.009375 0.0234375
2 0.46875 0.22421875 0.0078125 0.028125
2 0.69453125 0.5765625 0.01875 0.08125
2 0.50390625 0.2265625 0.00625 0.0265625
2 0.49609375 0.22734375 0.0078125 0.034375
2 0.4875 0.2265625 0.00625 0.03125
2 0.478125 0.22421875 0.009375 0.03125
2 0.453125 0.2265625 0.0078125 0.0296875