2 0.05625 0.50234375 0.0453125 0.0890625
2 0.53046875 0.28984375 0.021875 0.0453125
2 0.178125 0.31328125 0.01875 0.0515625
2 0.62265625 0.56875 0.034375 0.09375
2 0.40078125 0.6125 0.028125 0.0734375
2 0.2640625 0.409375 0.0265625 0.065625
2 0.51171875 0.37890625 0.0265625 0.0640625
2 0.56796875 0.2921875 0.0265625 0.0484375
2 0.47578125 0.34140625 0.0265625 0.05625
0 0.546875 0.39765625 0.0140625 0.01875
2 0.290625 0.246875 0.0203125 0.04375
2 0.31640625 0.25078125 0.0203125 0.046875
2 0.4046875 0.54765625 0.03125 0.0859375
2 0.1875 0.3140625 0.0171875 0.0609375