2 0.5265625 0.27421875 0.01328125 0.02890625
2 0.39921875 0.559375 0.025 0.0640625
2 0.5328125 0.48046875 0.02734375 0.053125
2 0.4984375 0.2671875 0.00625 0.0265625
2 0.59921875 0.553125 0.025 0.06640625
2 0.49140625 0.53671875 0.025 0.05703125
2 0.3375 0.59765625 0.02578125 0.06796875
2 0.4609375 0.278125 0.01484375 0.0265625
2 0.546875 0.53515625 0.025 0.065625
2 0.3734375 0.5953125 0.0265625 0.0625
2 0.4734375 0.27421875 0.00703125 0.03359375
2 0.43671875 0.27265625 0.0125 0.01796875
2 0.50546875 0.26875 0.00703125 0.02578125
2 0.48984375 0.2796875 0.0078125 0.02734375
0 0.5390625 0.31171875 0.00625 0.0109375