2 0.775 0.31484375 0.0234375 0.0390625
2 0.8046875 0.32265625 0.021875 0.0328125
2 0.83203125 0.3390625 0.0171875 0.0390625
2 0.84375 0.3484375 0.0171875 0.0375
2 0.8546875 0.36171875 0.01875 0.034375
2 0.86875 0.3640625 0.01875 0.040625
2 0.9375 0.4140625 0.0328125 0.0421875
0 0.94296875 0.40859375 0.0125 0.0140625
2 0.1 0.44140625 0.0171875 0.0421875
2 0.09375 0.46875 0.0203125 0.04375
2 0.0671875 0.50859375 0.0171875 0.0484375
2 0.07265625 0.503125 0.01875 0.0484375
2 0.078125 0.4921875 0.0171875 0.040625
2 0.08359375 0.48203125 0.0125 0.0375
2 0.05703125 0.53828125 0.0234375 0.05