2 0.60390625 0.81796875 0.04375 0.13046875
2 0.31953125 0.62109375 0.0359375 0.1
2 0.3640625 0.4640625 0.0234375 0.0640625
2 0.30625 0.359375 0.01875 0.0484375
2 0.340625 0.35859375 0.01953125 0.046875
2 0.409375 0.45546875 0.0265625 0.06953125
2 0.6421875 0.71171875 0.03515625 0.12109375
2 0.5640625 0.36640625 0.01796875 0.04453125
2 0.23125 0.46484375 0.02578125 0.0625
2 0.7359375 0.48515625 0.03671875 0.059375
2 0.534375 0.35703125 0.01640625 0.04453125
0 0.709375 0.31796875 0.0109375 0.0171875
2 0.6109375 0.375 0.0203125 0.0515625
2 0.546875 0.3421875 0.0125 0.0546875