2 0.21171875 0.40625 0.02734375 0.07578125
2 0.5703125 0.859375 0.03828125 0.10703125
2 0.4875 0.403125 0.02890625 0.06953125
2 0.92734375 0.83671875 0.0421875 0.10703125
2 0.55390625 0.46953125 0.0265625 0.0796875
2 0.5390625 0.39140625 0.02890625 0.06953125
2 0.65625 0.96171875 0.06953125 0.07109375
2 0.5796875 0.40234375 0.01328125 0.06875
2 0.571875 0.42265625 0.0171875 0.07890625
2 0.53671875 0.48203125 0.0234375 0.0875
0 0.4859375 0.4 0.01328125 0.01796875
2 0.22890625 0.42421875 0.0296875 0.07734375