2 0.09375 0.43828125 0.0359375 0.0578125
2 0.228125 0.5171875 0.0421875 0.0703125
2 0.14296875 0.490625 0.040625 0.071875
2 0.41875 0.5109375 0.0453125 0.078125
2 0.31875 0.91875 0.053125 0.09375
2 0.39921875 0.7875 0.0484375 0.096875
2 0.296875 0.48359375 0.0375 0.0671875
2 0.40390625 0.44609375 0.0328125 0.059375
2 0.45703125 0.50078125 0.0390625 0.0703125
2 0.33671875 0.4484375 0.046875 0.0828125
2 0.44765625 0.44921875 0.0296875 0.0609375
2 0.2453125 0.496875 0.0359375 0.078125
0 0.2234375 0.51875 0.0140625 0.0203125