2 0.784375 0.9421875 0.0515625 0.0921875
2 0.48125 0.4015625 0.03125 0.06875
2 0.52109375 0.403125 0.03125 0.0625
2 0.70546875 0.57109375 0.0390625 0.09375
2 0.5234375 0.5890625 0.0390625 0.084375
2 0.77890625 0.54609375 0.0359375 0.075
2 0.10625 0.915625 0.0578125 0.1046875
2 0.69375 0.3453125 0.025 0.05625
2 0.671875 0.36171875 0.025 0.05625
2 0.25625 0.35390625 0.0234375 0.0765625
2 0.265625 0.328125 0.0234375 0.065625
2 0.15234375 0.9421875 0.05625 0.059375
2 0.83671875 0.98203125 0.0609375 0.0359375
0 0.56328125 0.515625 0.0140625 0.0171875
2 0.4875 0.565625 0.0375 0.071875