2 0.37109375 0.6375 0.05 0.103125
2 0.43671875 0.89609375 0.0390625 0.1296875
2 0.51171875 0.3453125 0.0328125 0.0625
2 0.45 0.30625 0.0296875 0.05625
2 0.87734375 0.82578125 0.0453125 0.1171875
2 0.61171875 0.33046875 0.03125 0.0421875
2 0.921875 0.7640625 0.046875 0.1109375
2 0.69921875 0.94375 0.0453125 0.1125
2 0.675 0.33828125 0.0328125 0.05625
2 0.684375 0.3203125 0.01875 0.0421875
2 0.43828125 0.56484375 0.0546875 0.084375
2 0.7375 0.98671875 0.021875 0.0265625
2 0.48671875 0.834375 0.04375 0.09375
2 0.62421875 0.35 0.0296875 0.05625