2 0.50703125 0.40078125 0.0234375 0.05703125
2 0.8015625 0.51796875 0.034375 0.08046875
2 0.75390625 0.340625 0.0265625 0.0515625
2 0.4765625 0.284375 0.01875 0.0484375
2 0.80625 0.34921875 0.02734375 0.059375
2 0.4359375 0.29296875 0.01796875 0.04453125
2 0.4390625 0.38671875 0.02265625 0.05703125
2 0.61328125 0.49296875 0.0296875 0.0640625
2 0.56875 0.24921875 0.01796875 0.0515625
2 0.54765625 0.25546875 0.01875 0.053125
2 0.665625 0.22265625 0.015625 0.021875
2 0.62734375 0.46171875 0.01875 0.05546875
2 0.79609375 0.47734375 0.0296875 0.07421875
2 0.65859375 0.240625 0.01953125 0.0421875