2 0.6046875 0.484375 0.025 0.053125
2 0.6109375 0.60625 0.028125 0.0640625
2 0.6921875 0.5515625 0.0234375 0.05625
2 0.63203125 0.48359375 0.025 0.0515625
2 0.4921875 0.5875 0.03125 0.0609375
2 0.50078125 0.56796875 0.025 0.053125
2 0.40859375 0.44375 0.0203125 0.0453125
2 0.38984375 0.44375 0.0203125 0.040625
2 0.51875 0.43984375 0.0203125 0.0515625
2 0.45234375 0.43828125 0.03125 0.053125
2 0.56640625 0.421875 0.0203125 0.0484375
2 0.584375 0.42109375 0.01875 0.04375
2 0.44765625 0.42734375 0.0140625 0.046875
2 0.534375 0.4328125 0.0140625 0.05625