2 0.11796875 0.5734375 0.0515625 0.0765625
2 0.440625 0.3234375 0.0359375 0.0625
2 0.41796875 0.2671875 0.028125 0.053125
2 0.47109375 0.28203125 0.0296875 0.05625
2 0.5234375 0.2734375 0.0296875 0.0484375
2 0.2984375 0.35625 0.0359375 0.065625
2 0.55546875 0.5078125 0.05 0.090625
2 0.59609375 0.3375 0.0328125 0.059375
2 0.3359375 0.26875 0.0296875 0.053125
2 0.6125 0.2671875 0.0296875 0.0578125
2 0.35546875 0.221875 0.0234375 0.0453125
2 0.57578125 0.48203125 0.0375 0.0984375
2 0.3515625 0.1890625 0.01875 0.0390625