2 0.378125 0.365625 0.02109375 0.0484375
2 0.7171875 0.49609375 0.0203125 0.05859375
2 0.25390625 0.4578125 0.0234375 0.0515625
2 0.3171875 0.37109375 0.02109375 0.053125
2 0.6875 0.59921875 0.0296875 0.0734375
2 0.640625 0.45546875 0.0140625 0.06484375
2 0.64765625 0.42890625 0.0171875 0.05390625
2 0.2203125 0.47421875 0.02265625 0.0625
2 0.625 0.32421875 0.01796875 0.04296875
2 0.5984375 0.31953125 0.01796875 0.04140625
2 0.65 0.3625 0.0140625 0.04609375
2 0.3734375 0.29609375 0.01796875 0.04140625
2 0.65390625 0.3890625 0.0109375 0.04921875
0 0.3765625 0.30703125 0.00546875 0.0078125