2 0.81953125 0.64140625 0.0390625 0.096875
2 0.58359375 0.46796875 0.03125 0.06953125
2 0.54375 0.50078125 0.03046875 0.07890625
2 0.7203125 0.51328125 0.034375 0.0875
2 0.4046875 0.33203125 0.0265625 0.06953125
2 0.225 0.25078125 0.025 0.059375
2 0.375 0.33671875 0.02734375 0.06796875
2 0.71484375 0.26171875 0.021875 0.05703125
2 0.1796875 0.265625 0.02109375 0.0625
2 0.6921875 0.26015625 0.02109375 0.0515625
2 0.89375 0.653125 0.04609375 0.090625
2 0.5578125 0.24921875 0.015625 0.0421875
2 0.6984375 0.51171875 0.028125 0.084375
0 0.73515625 0.48203125 0.0140625 0.02265625
2 0.54921875 0.26171875 0.0203125 0.0375