2 0.63515625 0.4515625 0.0234375 0.053125
2 0.6765625 0.565625 0.02421875 0.05546875
2 0.46875 0.49765625 0.0203125 0.05390625
2 0.5375 0.396875 0.02109375 0.05390625
2 0.4328125 0.415625 0.02109375 0.05
2 0.725 0.54296875 0.02421875 0.05546875
2 0.6578125 0.44296875 0.01875 0.04453125
2 0.625 0.54296875 0.0265625 0.05546875
2 0.5890625 0.38671875 0.01796875 0.040625
0 0.484375 0.40078125 0.0109375 0.01328125
2 0.4703125 0.45859375 0.0203125 0.046875
2 0.42890625 0.3953125 0.009375 0.03046875
2 0.54140625 0.37578125 0.01015625 0.0328125
2 0.59921875 0.38125 0.0125 0.040625
2 0.6234375 0.525 0.01328125 0.03203125