2 0.44609375 0.434375 0.0375 0.0578125
2 0.62265625 0.50703125 0.0421875 0.0609375
2 0.3375 0.4203125 0.0375 0.0609375
2 0.5578125 0.38046875 0.0375 0.0625
2 0.36171875 0.36875 0.034375 0.059375
2 0.3125 0.34609375 0.0265625 0.0453125
2 0.2921875 0.37109375 0.0296875 0.053125
2 0.52734375 0.3140625 0.0265625 0.0609375
2 0.46953125 0.3328125 0.0234375 0.0515625
2 0.4578125 0.29921875 0.021875 0.0453125
2 0.5015625 0.325 0.025 0.059375
2 0.4921875 0.33984375 0.0296875 0.0609375
2 0.51015625 0.3125 0.025 0.046875
2 0.51328125 0.29296875 0.0171875 0.040625
0 0.6359375 0.52421875 0.015625 0.0234375