2 0.465625 0.275 0.0140625 0.0296875
2 0.603125 0.55546875 0.0265625 0.065625
2 0.46640625 0.48125 0.0296875 0.0546875
2 0.49375 0.2671875 0.0078125 0.0265625
2 0.40234375 0.55625 0.0265625 0.0671875
2 0.51015625 0.53671875 0.0265625 0.0578125
2 0.665625 0.5921875 0.028125 0.06875
2 0.53125 0.2765625 0.015625 0.0265625
2 0.4546875 0.53671875 0.0265625 0.0671875
2 0.6296875 0.590625 0.028125 0.0640625
2 0.51875 0.2734375 0.0078125 0.034375
2 0.55546875 0.2703125 0.0125 0.01875
2 0.48671875 0.26875 0.0078125 0.0265625
2 0.50234375 0.2796875 0.009375 0.028125
0 0.4546875 0.31328125 0.00625 0.0109375