2 0.39375 0.40078125 0.01875 0.065625
2 0.5875 0.37421875 0.01796875 0.05703125
2 0.39765625 0.62421875 0.03125 0.11796875
2 0.64140625 0.409375 0.0203125 0.06796875
2 0.04375 0.70546875 0.0421875 0.11953125
2 0.5 0.41015625 0.01953125 0.065625
2 0.74609375 0.5125 0.01953125 0.08984375
2 0.7609375 0.4890625 0.01953125 0.1
2 0.4109375 0.34609375 0.01796875 0.05
2 0.73671875 0.37890625 0.0171875 0.05546875
2 0.70546875 0.49921875 0.0140625 0.08359375
2 0.71875 0.50546875 0.01953125 0.08359375
2 0.00546875 0.56015625 0.01015625 0.071875
2 0.38984375 0.55703125 0.021875 0.1015625
0 0.59140625 0.37890625 0.00625 0.01171875