2 0.73046875 0.55859375 0.0375 0.071875
2 0.5 0.475 0.0328125 0.0625
2 0.25703125 0.4390625 0.0328125 0.0625
2 0.55078125 0.40234375 0.028125 0.0578125
2 0.52421875 0.45625 0.03125 0.06875
2 0.428125 0.38828125 0.03125 0.0578125
2 0.53359375 0.384375 0.025 0.0515625
2 0.38125 0.30390625 0.01875 0.05
2 0.390625 0.31875 0.025 0.0484375
2 0.49765625 0.33828125 0.021875 0.040625
2 0.246875 0.3984375 0.0296875 0.0671875
2 0.43515625 0.35859375 0.034375 0.04375
2 0.50703125 0.33515625 0.01875 0.05
2 0.71953125 0.51953125 0.0375 0.0828125