2 0.68125 0.6484375 0.03125 0.065625
2 0.60390625 0.50390625 0.0296875 0.0609375
2 0.1859375 0.62265625 0.034375 0.0859375
2 0.49375 0.60546875 0.028125 0.0734375
2 0.48359375 0.409375 0.01875 0.046875
2 0.46015625 0.3671875 0.01875 0.0453125
2 0.46015625 0.5625 0.028125 0.071875
2 0.67890625 0.40859375 0.01875 0.0421875
2 0.365625 0.45625 0.0234375 0.059375
2 0.659375 0.4 0.01875 0.04375
2 0.4703125 0.41015625 0.0203125 0.04375
2 0.20703125 0.61015625 0.0359375 0.0796875
2 0.36484375 0.42421875 0.021875 0.040625
2 0.4421875 0.3640625 0.01875 0.0515625