2 0.55625 0.36953125 0.01953125 0.0875
2 0.52734375 0.35703125 0.01796875 0.0765625
2 0.5390625 0.3125 0.0203125 0.06796875
2 0.48828125 0.29296875 0.02421875 0.06640625
2 0.45625 0.24609375 0.01796875 0.05859375
2 0.43203125 0.35078125 0.0203125 0.08203125
2 0.4203125 0.33203125 0.0171875 0.059375
2 0.41015625 0.2125 0.01328125 0.0453125
2 0.43203125 0.246875 0.0171875 0.06171875
2 0.434375 0.2109375 0.009375 0.03671875
2 0.29453125 0.2921875 0.01875 0.06484375
2 0.2734375 0.3078125 0.01953125 0.0703125
2 0.08046875 0.43828125 0.05390625 0.0890625
2 0.04296875 0.48359375 0.07734375 0.1046875