2 0.4109375 0.38515625 0.028125 0.0671875
2 0.60625 0.38984375 0.0265625 0.059375
2 0.3796875 0.60703125 0.05 0.121875
2 0.65390625 0.4328125 0.03125 0.0703125
2 0.0234375 0.63125 0.046875 0.125
2 0.5140625 0.4109375 0.0296875 0.0671875
2 0.74140625 0.55078125 0.0328125 0.0921875
2 0.759375 0.5296875 0.034375 0.1015625
2 0.4359375 0.334375 0.025 0.0515625
2 0.753125 0.4171875 0.025 0.0578125
2 0.703125 0.53125 0.0265625 0.084375
2 0.71484375 0.53984375 0.0328125 0.0859375
2 0.00625 0.48125 0.0125 0.071875
2 0.38203125 0.5390625 0.0375 0.103125
0 0.609375 0.39453125 0.0078125 0.0125