2 0.496875 0.5109375 0.0328125 0.05625
2 0.50234375 0.57265625 0.0328125 0.065625
2 0.6421875 0.51953125 0.034375 0.0625
2 0.34453125 0.55625 0.03125 0.059375
2 0.33671875 0.6703125 0.0359375 0.06875
2 0.6875 0.52265625 0.03125 0.065625
2 0.27265625 0.378125 0.025 0.0484375
2 0.309375 0.34453125 0.0265625 0.0484375
2 0.5828125 0.2640625 0.025 0.0421875
2 0.365625 0.2734375 0.028125 0.046875
2 0.65546875 0.28203125 0.025 0.0453125
2 0.3640625 0.4328125 0.0328125 0.05625
2 0.38125 0.44453125 0.028125 0.05625
2 0.365625 0.25390625 0.015625 0.0296875