2 0.32734375 0.59453125 0.034375 0.075
2 0.40390625 0.6125 0.0359375 0.0828125
2 0.63984375 0.30390625 0.0203125 0.04375
2 0.66171875 0.328125 0.0234375 0.05
2 0.559375 0.35234375 0.0234375 0.0515625
2 0.6015625 0.39765625 0.0296875 0.053125
2 0.6484375 0.47578125 0.028125 0.0671875
2 0.4890625 0.525 0.0296875 0.0671875
2 0.55390625 0.50625 0.0328125 0.0609375
2 0.61640625 0.484375 0.03125 0.0546875
2 0.328125 0.32421875 0.025 0.040625
2 0.24453125 0.3453125 0.0234375 0.0515625
2 0.57578125 0.50390625 0.015625 0.0640625
2 0.5890625 0.51640625 0.025 0.071875