2 0.05625 0.49453125 0.04375 0.0875
2 0.53359375 0.290625 0.021875 0.0453125
2 0.18203125 0.3078125 0.0171875 0.0515625
2 0.621875 0.5703125 0.0328125 0.09375
2 0.3984375 0.61015625 0.0265625 0.071875
2 0.265625 0.40546875 0.0265625 0.0640625
2 0.51328125 0.3796875 0.025 0.0625
2 0.57109375 0.29296875 0.025 0.046875
2 0.478125 0.340625 0.025 0.05625
0 0.54921875 0.3984375 0.0140625 0.01875
2 0.29453125 0.24375 0.01875 0.04375
2 0.3203125 0.24765625 0.0203125 0.046875
2 0.40390625 0.54609375 0.0296875 0.084375
2 0.19140625 0.30859375 0.015625 0.0609375