2 0.3734375 0.63984375 0.04765625 0.1015625
2 0.44375 0.896875 0.0375 0.12890625
2 0.509375 0.3453125 0.03125 0.0625
2 0.446875 0.30703125 0.02890625 0.05546875
2 0.8828125 0.81953125 0.04296875 0.11640625
2 0.60859375 0.32890625 0.03046875 0.04140625
2 0.9265625 0.75703125 0.0453125 0.1109375
2 0.7078125 0.94140625 0.04296875 0.1140625
2 0.671875 0.33515625 0.03125 0.05546875
2 0.68125 0.3171875 0.01875 0.04140625
2 0.4390625 0.565625 0.053125 0.08359375
2 0.74609375 0.984375 0.021875 0.028125
2 0.4921875 0.834375 0.04140625 0.09296875
2 0.621875 0.34765625 0.02890625 0.05625