2 0.70390625 0.6 0.034375 0.0828125
2 0.353125 0.4859375 0.0328125 0.0625
2 0.47734375 0.73671875 0.040625 0.0859375
2 0.39453125 0.7828125 0.0375 0.0765625
2 0.3671875 0.709375 0.0359375 0.078125
2 0.12109375 0.58671875 0.04375 0.0828125
2 0.64375 0.6421875 0.0359375 0.075
2 0.61796875 0.365625 0.028125 0.0640625
2 0.53125 0.52890625 0.03125 0.0875
2 0.4609375 0.31953125 0.0234375 0.05625
2 0.44609375 0.3640625 0.0296875 0.0640625
2 0.1875 0.5140625 0.0296875 0.06875
2 0.6703125 0.46015625 0.0265625 0.0640625
2 0.3515625 0.37734375 0.021875 0.0453125
0 0.35 0.390625 0.009375 0.01875