2 0.534375 0.5703125 0.028125 0.0859375
2 0.6875 0.625 0.025 0.1015625
2 0.37109375 0.575 0.025 0.090625
2 0.46484375 0.56328125 0.0234375 0.075
2 0.346875 0.58203125 0.028125 0.0796875
2 0.5921875 0.5703125 0.021875 0.0765625
2 0.503125 0.225 0.009375 0.0234375
2 0.4546875 0.2265625 0.009375 0.0296875
2 0.6984375 0.56640625 0.0234375 0.08125
2 0.48984375 0.2265625 0.0078125 0.0265625
2 0.48203125 0.228125 0.009375 0.034375
2 0.4734375 0.22734375 0.009375 0.0328125
2 0.4640625 0.22578125 0.0109375 0.03125
2 0.4390625 0.2296875 0.009375 0.0296875