2 0.459375 0.32578125 0.03125 0.05625
2 0.4546875 0.33515625 0.0359375 0.0515625
2 0.8046875 0.64921875 0.046875 0.0875
2 0.88984375 0.8375 0.071875 0.1046875
2 0.534375 0.325 0.021875 0.0453125
2 0.678125 0.38125 0.0296875 0.0484375
2 0.8140625 0.3359375 0.0390625 0.059375
2 0.71015625 0.24609375 0.0234375 0.0484375
2 0.5109375 0.33515625 0.03125 0.0515625
2 0.45390625 0.26796875 0.0234375 0.0484375
2 0.65 0.384375 0.0296875 0.046875
2 0.415625 0.24296875 0.0234375 0.0515625
2 0.6875 0.2296875 0.025 0.0453125
2 0.828125 0.353125 0.025 0.05625
0 0.51953125 0.29765625 0.0125 0.0125