2 0.41875 0.5046875 0.0359375 0.0609375
2 0.73515625 0.3484375 0.025 0.0734375
2 0.72890625 0.32421875 0.0328125 0.0625
2 0.2125 0.50703125 0.034375 0.053125
2 0.51796875 0.40234375 0.028125 0.065625
2 0.828125 0.8953125 0.05 0.10625
2 0.78828125 0.85 0.05625 0.103125
2 0.2859375 0.51796875 0.0328125 0.0796875
2 0.38984375 0.56015625 0.0359375 0.078125
2 0.3453125 0.36953125 0.028125 0.0609375
2 0.3046875 0.33515625 0.025 0.046875
2 0.49453125 0.40703125 0.028125 0.06875
0 0.38515625 0.55859375 0.0125 0.021875