2 0.7875 0.65703125 0.03359375 0.10859375
2 0.5046875 0.5140625 0.03203125 0.0890625
2 0.1875 0.26953125 0.02578125 0.0609375
2 0.225 0.27265625 0.03046875 0.06796875
2 0.546875 0.46171875 0.0296875 0.084375
2 0.6640625 0.35546875 0.01953125 0.05859375
2 0.85 0.67421875 0.04453125 0.1015625
2 0.4078125 0.20390625 0.01875 0.04453125
2 0.4265625 0.19921875 0.0171875 0.04296875
2 0.746875 0.28671875 0.02265625 0.0515625
2 0.65390625 0.440625 0.01171875 0.0828125
2 0.66484375 0.45234375 0.01875 0.07890625
2 0.76875 0.28984375 0.01796875 0.05703125
2 0.6640625 0.3171875 0.01640625 0.03828125
0 0.66953125 0.42265625 0.00859375 0.015625