2 0.49375 0.44921875 0.02578125 0.05703125
2 0.3734375 0.46171875 0.02578125 0.0625
2 0.3390625 0.46875 0.02734375 0.0625
2 0.3234375 0.2640625 0.02109375 0.0359375
2 0.48984375 0.26328125 0.021875 0.0484375
2 0.27109375 0.27265625 0.01875 0.04296875
2 0.546875 0.40390625 0.02265625 0.05546875
2 0.4609375 0.26484375 0.01953125 0.04296875
2 0.7125 0.390625 0.01953125 0.0625
2 0.5234375 0.21953125 0.01796875 0.04140625
2 0.625 0.44375 0.0140625 0.059375
2 0.6359375 0.42734375 0.0171875 0.059375
2 0.7328125 0.40078125 0.0234375 0.059375
2 0.49453125 0.22734375 0.0125 0.0359375
0 0.7296875 0.384375 0.00859375 0.0203125