2 0.1375 0.63828125 0.0484375 0.0765625
2 0.47421875 0.49296875 0.0390625 0.071875
2 0.1703125 0.55234375 0.0390625 0.065625
2 0.04140625 0.36015625 0.0328125 0.06875
2 0.5328125 0.7546875 0.04375 0.0984375
2 0.059375 0.69609375 0.0546875 0.096875
2 0.11015625 0.39921875 0.034375 0.065625
2 0.04375 0.425 0.0359375 0.06875
2 0.2515625 0.521875 0.0296875 0.0609375
2 0.48515625 0.32890625 0.025 0.065625
2 0.10625 0.31015625 0.0296875 0.059375
2 0.4515625 0.34140625 0.0234375 0.059375
0 0.5171875 0.49609375 0.0171875 0.025