2 0.3484375 0.6859375 0.0375 0.0953125
2 0.52734375 0.29375 0.0234375 0.0453125
2 0.2890625 0.75625 0.046875 0.1
2 0.37109375 0.3546875 0.03125 0.0640625
2 0.42578125 0.33671875 0.0296875 0.0625
2 0.5546875 0.5421875 0.0328125 0.0671875
2 0.296875 0.40859375 0.0265625 0.05
2 0.51328125 0.5296875 0.0328125 0.05625
2 0.2828125 0.45546875 0.0265625 0.0546875
2 0.5265625 0.26484375 0.0125 0.0453125
2 0.30390625 0.309375 0.0375 0.0546875
2 0.3046875 0.29453125 0.025 0.059375
2 0.2109375 0.403125 0.025 0.0484375
2 0.20234375 0.421875 0.025 0.0734375