2 0.56171875 0.45234375 0.040625 0.0609375
2 0.5203125 0.3453125 0.0296875 0.0421875
2 0.20859375 0.4640625 0.0296875 0.0515625
2 0.26171875 0.475 0.0359375 0.0546875
2 0.3703125 0.33671875 0.0265625 0.046875
2 0.4375 0.43046875 0.0296875 0.0484375
2 0.3796875 0.46796875 0.0359375 0.0609375
2 0.5390625 0.2984375 0.021875 0.0375
2 0.4328125 0.32265625 0.021875 0.034375
2 0.4953125 0.41484375 0.034375 0.0546875
2 0.553125 0.40234375 0.0296875 0.0515625
2 0.39453125 0.45234375 0.0265625 0.0625
2 0.3796875 0.371875 0.028125 0.0484375
2 0.4421875 0.3328125 0.01875 0.040625
0 0.43828125 0.34375 0.00625 0.0078125