2 0.775 0.60703125 0.04140625 0.09453125
2 0.628125 0.41796875 0.034375 0.06953125
2 0.734375 0.58671875 0.04453125 0.10390625
2 0.4296875 0.63671875 0.040625 0.09296875
2 0.4125 0.46015625 0.02890625 0.08203125
2 0.44296875 0.4203125 0.025 0.0625
2 0.51875 0.42109375 0.02421875 0.06328125
2 0.52109375 0.4640625 0.01875 0.09453125
2 0.44765625 0.70390625 0.0515625 0.13359375
2 0.59765625 0.684375 0.046875 0.12421875
2 0.6015625 0.73515625 0.0515625 0.13203125
0 0.6171875 0.6796875 0.0140625 0.0328125
2 0.6109375 0.4 0.025 0.06953125
2 0.40625 0.30234375 0.025 0.06640625
2 0.39296875 0.31875 0.02734375 0.0671875