2 0.55703125 0.86640625 0.053125 0.10625
2 0.6578125 0.43515625 0.0265625 0.046875
2 0.321875 0.36171875 0.0234375 0.05
2 0.24296875 0.67421875 0.0390625 0.0859375
2 0.55234375 0.7421875 0.0375 0.084375
2 0.66484375 0.37734375 0.0234375 0.0546875
2 0.5109375 0.5125 0.01875 0.06875
2 0.5171875 0.52421875 0.0296875 0.0703125
2 0.22109375 0.3875 0.021875 0.05625
2 0.6921875 0.37734375 0.021875 0.0546875
2 0.640625 0.40234375 0.0203125 0.0484375
2 0.18828125 0.646875 0.0359375 0.0859375
2 0.52421875 0.88203125 0.05 0.1
2 0.55 0.69765625 0.03125 0.0515625
0 0.55234375 0.7421875 0.0140625 0.021875