2 0.4234375 0.3390625 0.0296875 0.0640625
2 0.05703125 0.63828125 0.05 0.0984375
2 0.30703125 0.6265625 0.0453125 0.0859375
2 0.49375 0.45859375 0.0328125 0.06875
2 0.4328125 0.39375 0.03125 0.0671875
2 0.82421875 0.8046875 0.0578125 0.1140625
2 0.2546875 0.6546875 0.0421875 0.0921875
2 0.44453125 0.4734375 0.0421875 0.0890625
2 0.14453125 0.690625 0.04375 0.1046875
2 0.74921875 0.79296875 0.0515625 0.10625
2 0.4703125 0.4359375 0.0265625 0.06875
2 0.41171875 0.4921875 0.0421875 0.0640625
0 0.240625 0.5421875 0.0203125 0.021875