2 0.8890625 0.853125 0.0578125 0.0953125
2 0.45625 0.41015625 0.0359375 0.0703125
2 0.4953125 0.40078125 0.0359375 0.0640625
2 0.7171875 0.515625 0.0453125 0.0953125
2 0.54609375 0.5796875 0.046875 0.0859375
2 0.78125 0.47265625 0.0421875 0.078125
2 0.22734375 0.97421875 0.0671875 0.0515625
2 0.646875 0.3 0.028125 0.0578125
2 0.63046875 0.321875 0.0296875 0.05625
2 0.2265625 0.421875 0.0296875 0.0765625
2 0.22890625 0.39453125 0.028125 0.0671875
2 0.27890625 0.9921875 0.0609375 0.015625
2 0.95390625 0.89453125 0.065625 0.071875
0 0.56484375 0.49921875 0.015625 0.0171875
2 0.5046875 0.56640625 0.0421875 0.0734375