2 0.37421875 0.66796875 0.0296875 0.071875
2 0.4203125 0.80390625 0.03515625 0.09453125
2 0.675 0.56328125 0.02890625 0.05703125
2 0.33125 0.46171875 0.025 0.05703125
2 0.7890625 0.65546875 0.03359375 0.075
2 0.4984375 0.90390625 0.05546875 0.1
2 0.50625 0.48046875 0.02578125 0.06953125
2 0.296875 0.72578125 0.03125 0.08203125
2 0.47421875 0.43125 0.0234375 0.0625
2 0.3109375 0.4328125 0.02421875 0.0625
2 0.6359375 0.44453125 0.02109375 0.05546875
2 0.79765625 0.94921875 0.05 0.06796875
2 0.84375 0.95703125 0.04921875 0.08046875
2 0.615625 0.45 0.0265625 0.06875
0 0.659375 0.43203125 0.01171875 0.015625