2 0.9109375 0.49140625 0.03515625 0.06953125
2 0.7421875 0.26640625 0.0203125 0.0359375
2 0.6421875 0.33046875 0.02421875 0.05
2 0.9015625 0.40546875 0.02890625 0.05546875
2 0.4859375 0.371875 0.02265625 0.0484375
2 0.81640625 0.36015625 0.028125 0.05390625
2 0.56015625 0.33671875 0.021875 0.0484375
2 0.79375 0.321875 0.025 0.0484375
0 0.575 0.2765625 0.0078125 0.01328125
2 0.59375 0.27421875 0.0171875 0.040625
2 0.69375 0.26640625 0.01953125 0.03359375
2 0.546875 0.26484375 0.01171875 0.034375
2 0.8390625 0.36484375 0.0171875 0.053125
2 0.79921875 0.29375 0.01640625 0.025
2 0.50546875 0.36796875 0.015625 0.05