2 0.246875 0.72890625 0.05 0.09375
2 0.0625 0.41328125 0.04375 0.078125
2 0.28359375 0.6234375 0.046875 0.0796875
2 0.4359375 0.37109375 0.0265625 0.0671875
2 0.45 0.3796875 0.021875 0.0546875
2 0.48125 0.4046875 0.0296875 0.0703125
2 0.5421875 0.44609375 0.028125 0.0703125
2 0.55546875 0.45546875 0.0296875 0.075
2 0.26171875 0.41796875 0.034375 0.0734375
2 0.24453125 0.4265625 0.0421875 0.0734375
2 0.2828125 0.453125 0.034375 0.084375
0 0.24296875 0.42421875 0.0140625 0.0171875
2 0.45625 0.39375 0.0328125 0.0640625