0 0.65703125 0.575 0.00625 0.01015625
2 0.5296875 0.57265625 0.02734375 0.0625
2 0.4609375 0.56328125 0.02578125 0.0734375
2 0.5875 0.57421875 0.02578125 0.07109375
2 0.51875 0.22578125 0.00859375 0.0234375
2 0.478125 0.221875 0.009375 0.02109375
2 0.6984375 0.57890625 0.025 0.071875
2 0.34375 0.565625 0.02578125 0.0765625
2 0.49453125 0.22265625 0.0078125 0.01796875
2 0.6625 0.603125 0.0265625 0.078125
2 0.46875 0.22421875 0.01015625 0.0234375
2 0.4515625 0.228125 0.01015625 0.021875
2 0.36484375 0.56875 0.02421875 0.0875
2 0.48671875 0.2265625 0.00546875 0.0296875
2 0.503125 0.228125 0.00703125 0.028125