2 0.4734375 0.64921875 0.03046875 0.08203125
2 0.4625 0.33984375 0.02421875 0.0625
2 0.65 0.72890625 0.03125 0.078125
2 0.46171875 0.42421875 0.03125 0.05703125
2 0.4203125 0.41015625 0.02890625 0.05703125
2 0.26875 0.584375 0.02578125 0.0875
2 0.4109375 0.64921875 0.0265625 0.07890625
2 0.48671875 0.30078125 0.01875 0.05703125
2 0.5765625 0.34296875 0.0171875 0.05859375
2 0.36875 0.32421875 0.0234375 0.05703125
2 0.66796875 0.78359375 0.03203125 0.09140625
2 0.26328125 0.52734375 0.03046875 0.06328125
2 0.384375 0.33828125 0.025 0.046875
2 0.5796875 0.31484375 0.01328125 0.04375