2 0.3203125 0.5 0.034375 0.0671875
2 0.509375 0.5421875 0.0296875 0.059375
2 0.45 0.57734375 0.0328125 0.0625
2 0.67109375 0.46328125 0.021875 0.0453125
2 0.67578125 0.60625 0.03125 0.0640625
2 0.39609375 0.40234375 0.0203125 0.0421875
2 0.553125 0.4234375 0.0203125 0.0421875
2 0.37734375 0.44375 0.0234375 0.0546875
2 0.36015625 0.43671875 0.0265625 0.0515625
2 0.36953125 0.40390625 0.0203125 0.046875
2 0.578125 0.425 0.01875 0.034375
2 0.34296875 0.49765625 0.0328125 0.06875
2 0.66484375 0.453125 0.0171875 0.0375
2 0.66796875 0.58984375 0.028125 0.0625