2 0.5390625 0.52578125 0.0359375 0.0625
2 0.659375 0.553125 0.0328125 0.059375
2 0.66953125 0.5015625 0.03125 0.059375
2 0.35390625 0.43203125 0.0359375 0.0625
2 0.5078125 0.4640625 0.03125 0.059375
2 0.43671875 0.4765625 0.03125 0.0578125
2 0.5 0.2953125 0.01875 0.034375
0 0.5796875 0.478125 0.009375 0.0125
2 0.58984375 0.47578125 0.0234375 0.0375
2 0.596875 0.32734375 0.01875 0.034375
2 0.4546875 0.30078125 0.01875 0.0328125
2 0.53046875 0.3140625 0.01875 0.03125
2 0.58125 0.309375 0.0140625 0.0234375
2 0.58671875 0.31640625 0.0125 0.0328125
2 0.58203125 0.321875 0.015625 0.0375