2 0.846875 0.4796875 0.0421875 0.0875
2 0.91796875 0.709375 0.0640625 0.1359375
2 0.83671875 0.38203125 0.0390625 0.0734375
2 0.92734375 0.478125 0.0515625 0.0984375
2 0.2953125 0.47578125 0.0640625 0.11875
2 0.8828125 0.409375 0.0453125 0.08125
2 0.634375 0.65625 0.0578125 0.128125
2 0.67265625 0.48984375 0.0390625 0.06875
2 0.66640625 0.3296875 0.0359375 0.0640625
0 0.0265625 0.54140625 0.0296875 0.0296875
2 0.665625 0.56171875 0.0515625 0.096875
2 0.7109375 0.34140625 0.0390625 0.075
2 0.34453125 0.49140625 0.0484375 0.103125