2 0.61015625 0.68828125 0.0296875 0.084375
2 0.68125 0.48203125 0.02890625 0.078125
2 0.7546875 0.73046875 0.0453125 0.078125
2 0.74296875 0.40390625 0.025 0.05546875
2 0.5421875 0.56015625 0.0265625 0.0765625
2 0.5796875 0.90546875 0.03359375 0.078125
2 0.615625 0.5453125 0.03515625 0.0828125
2 0.6265625 0.50390625 0.0296875 0.06640625
2 0.796875 0.41796875 0.025 0.0609375
2 0.4421875 0.44296875 0.03671875 0.07734375
2 0.434375 0.403125 0.02734375 0.05859375
2 0.6203125 0.765625 0.03515625 0.0625
0 0.90078125 0.53671875 0.01484375 0.02265625
2 0.69375 0.478125 0.01796875 0.07265625