2 0.4109375 0.41171875 0.02578125 0.059375
2 0.28125 0.24765625 0.01875 0.04609375
2 0.58046875 0.28984375 0.01875 0.034375
2 0.359375 0.23515625 0.01875 0.034375
2 0.509375 0.26796875 0.01875 0.0359375
2 0.38046875 0.41953125 0.025 0.0609375
2 0.63515625 0.34375 0.0203125 0.0390625
2 0.6390625 0.325 0.02265625 0.0296875
2 0.5296875 0.35546875 0.02109375 0.046875
2 0.675 0.296875 0.01953125 0.0484375
2 0.51796875 0.23046875 0.01875 0.0390625
2 0.5625 0.29921875 0.01796875 0.034375
2 0.67578125 0.26640625 0.015625 0.03515625
2 0.53515625 0.33125 0.0171875 0.0359375
0 0.63046875 0.340625 0.00859375 0.01015625