2 0.809375 0.4953125 0.0296875 0.0578125
2 0.72421875 0.44453125 0.0328125 0.0578125
2 0.30390625 0.3453125 0.03125 0.0609375
2 0.334375 0.36484375 0.0375 0.06875
2 0.47109375 0.39375 0.03125 0.0515625
2 0.49453125 0.409375 0.0296875 0.053125
2 0.46015625 0.5578125 0.0453125 0.06875
2 0.45859375 0.5296875 0.034375 0.059375
2 0.5421875 0.6734375 0.04375 0.0890625
2 0.81484375 0.84609375 0.0546875 0.0984375
2 0.740625 0.80390625 0.0484375 0.0875
2 0.525 0.7734375 0.0484375 0.0765625
2 0.378125 0.67421875 0.0453125 0.0875
2 0.3640625 0.68203125 0.05 0.0859375