2 0.45390625 0.52265625 0.03125 0.0640625
2 0.4921875 0.5046875 0.034375 0.075
2 0.6984375 0.63515625 0.040625 0.090625
2 0.56953125 0.278125 0.0203125 0.04375
2 0.6703125 0.5359375 0.0359375 0.08125
2 0.49765625 0.31640625 0.0296875 0.05
2 0.79453125 0.3859375 0.0296875 0.05
2 0.75390625 0.4171875 0.0375 0.0609375
2 0.91484375 0.54765625 0.0390625 0.0859375
2 0.55625 0.303125 0.015625 0.0484375
2 0.55703125 0.26171875 0.0203125 0.046875
2 0.51328125 0.31015625 0.021875 0.05
2 0.54609375 0.3046875 0.0171875 0.0515625