2 0.4828125 0.778125 0.0328125 0.071875
2 0.39375 0.621875 0.02578125 0.08203125
2 0.375 0.33203125 0.01953125 0.05546875
2 0.4703125 0.33203125 0.01796875 0.04453125
2 0.4296875 0.57578125 0.02890625 0.0875
2 0.2828125 0.33984375 0.021875 0.05390625
2 0.5453125 0.31171875 0.02109375 0.05703125
2 0.3 0.75234375 0.03515625 0.090625
2 0.4765625 0.959375 0.03515625 0.078125
2 0.5796875 0.2703125 0.01953125 0.0515625
2 0.4859375 0.29140625 0.01875 0.05
2 0.57578125 0.97578125 0.0390625 0.04296875
2 0.52265625 0.3078125 0.0203125 0.0515625
0 0.36328125 0.384375 0.0109375 0.01796875