2 0.44453125 0.31953125 0.025 0.0546875
2 0.4125 0.853125 0.05 0.096875
2 0.5359375 0.421875 0.0328125 0.0578125
2 0.51015625 0.67734375 0.04375 0.0828125
2 0.46875 0.4546875 0.0328125 0.059375
2 0.584375 0.6734375 0.034375 0.06875
2 0.4171875 0.77578125 0.0484375 0.075
2 0.55234375 0.321875 0.03125 0.0578125
2 0.53125 0.28671875 0.028125 0.0546875
2 0.65546875 0.34921875 0.034375 0.0609375
2 0.74375 0.4953125 0.0296875 0.0671875
0 0.73359375 0.38359375 0.0140625 0.0171875
2 0.7609375 0.4734375 0.0265625 0.0609375
2 0.66484375 0.328125 0.0203125 0.0296875
2 0.44453125 0.2921875 0.0203125 0.046875