2 0.6265625 0.615625 0.0390625 0.103125
2 0.8453125 0.68046875 0.04453125 0.11953125
2 0.7765625 0.6515625 0.03828125 0.103125
2 0.72265625 0.41796875 0.025 0.05546875
2 0.753125 0.87265625 0.05078125 0.13203125
2 0.4625 0.39921875 0.02421875 0.0625
2 0.4125 0.30390625 0.01875 0.04453125
2 0.6453125 0.33046875 0.0203125 0.04453125
2 0.4515625 0.34296875 0.0203125 0.053125
2 0.57578125 0.27734375 0.0140625 0.0375
2 0.5171875 0.36796875 0.02109375 0.05
2 0.60703125 0.28125 0.0125 0.04765625
2 0.61484375 0.27734375 0.01171875 0.0375
2 0.44921875 0.3109375 0.01640625 0.04921875
0 0.64453125 0.2171875 0.0078125 0.0140625