2 0.2859375 0.765625 0.0359375 0.0890625
2 0.0546875 0.4828125 0.0328125 0.0734375
2 0.30546875 0.65546875 0.0359375 0.075
2 0.41640625 0.3828125 0.01640625 0.065625
2 0.43203125 0.3890625 0.0140625 0.05390625
2 0.46640625 0.40859375 0.01953125 0.06875
2 0.5328125 0.43984375 0.01796875 0.06796875
2 0.54765625 0.44765625 0.01875 0.0734375
2 0.2515625 0.45625 0.02421875 0.0703125
2 0.2359375 0.4671875 0.03125 0.06875
2 0.278125 0.4875 0.021875 0.08203125
0 0.234375 0.465625 0.01171875 0.015625
2 0.43984375 0.40234375 0.0234375 0.0609375