2 0.17890625 0.25546875 0.015625 0.05078125
2 0.15546875 0.2625 0.0171875 0.046875
2 0.26171875 0.2875 0.015625 0.05078125
2 0.29453125 0.2671875 0.0140625 0.0515625
2 0.4015625 0.2859375 0.01171875 0.04296875
2 0.3625 0.3015625 0.01796875 0.05625
2 0.390625 0.3203125 0.01875 0.04765625
2 0.4359375 0.31875 0.01875 0.04921875
2 0.23359375 0.3578125 0.0234375 0.06640625
2 0.06875 0.43671875 0.021875 0.075
2 0.1984375 0.4390625 0.02265625 0.06328125
2 0.27734375 0.39453125 0.0265625 0.071875
2 0.43125 0.44921875 0.0171875 0.07265625
2 0.440625 0.4765625 0.0234375 0.0734375
0 0.44453125 0.39921875 0.00625 0.015625