2 0.67890625 0.584375 0.03125 0.071875
2 0.45546875 0.596875 0.034375 0.0765625
2 0.65078125 0.65234375 0.0390625 0.0734375
2 0.2921875 0.6171875 0.03125 0.071875
2 0.55 0.6 0.034375 0.071875
2 0.5140625 0.5921875 0.0359375 0.0671875
2 0.3703125 0.64921875 0.03125 0.06875
2 0.45078125 0.22734375 0.009375 0.028125
2 0.45625 0.228125 0.009375 0.028125
2 0.46640625 0.22578125 0.0109375 0.028125
2 0.475 0.22578125 0.009375 0.0265625
2 0.4828125 0.225 0.0109375 0.028125
2 0.49453125 0.221875 0.0109375 0.0265625
2 0.50234375 0.221875 0.0109375 0.028125