2 0.2203125 0.71875 0.0421875 0.115625
2 0.30234375 0.36015625 0.0328125 0.071875
2 0.30546875 0.34453125 0.0203125 0.0625
2 0.44296875 0.359375 0.025 0.0671875
2 0.425 0.41171875 0.03125 0.071875
2 0.384375 0.3109375 0.025 0.0640625
2 0.53671875 0.78125 0.034375 0.084375
2 0.76640625 0.73046875 0.046875 0.1015625
2 0.3546875 0.334375 0.0296875 0.0671875
2 0.4921875 0.76171875 0.0390625 0.09375
2 0.19375 0.775 0.0390625 0.134375
0 0.3046875 0.3375 0.00625 0.0140625
2 0.7109375 0.75625 0.0546875 0.1375