2 0.7390625 0.68046875 0.03359375 0.096875
2 0.325 0.51796875 0.03203125 0.06953125
2 0.6515625 0.33671875 0.028125 0.04296875
2 0.24375 0.31015625 0.02578125 0.05703125
2 0.5921875 0.271875 0.02421875 0.0515625
2 0.44921875 0.48359375 0.0296875 0.06953125
2 0.5671875 0.25546875 0.02109375 0.046875
2 0.4953125 0.43046875 0.02578125 0.05859375
2 0.4140625 0.47578125 0.02734375 0.06796875
2 0.6953125 0.36328125 0.02890625 0.0515625
2 0.6015625 0.55703125 0.0296875 0.0890625
2 0.2109375 0.321875 0.02578125 0.0609375
2 0.775 0.73046875 0.03671875 0.08046875
2 0.5765625 0.54140625 0.02890625 0.06953125
0 0.6109375 0.55546875 0.0140625 0.021875