2 0.58125 0.28671875 0.015625 0.05703125
2 0.5640625 0.2890625 0.01640625 0.0640625
2 0.46640625 0.28671875 0.0171875 0.05390625
2 0.44921875 0.29375 0.01484375 0.04609375
2 0.3671875 0.26328125 0.01875 0.05
2 0.365625 0.2515625 0.01640625 0.05546875
2 0.66484375 0.3859375 0.021875 0.07109375
2 0.65625 0.37265625 0.02734375 0.0609375
2 0.4296875 0.515625 0.02421875 0.0921875
2 0.4578125 0.52109375 0.03125 0.09609375
2 0.5625 0.4796875 0.03671875 0.08203125
2 0.5640625 0.46171875 0.04296875 0.08125
2 0.46328125 0.3640625 0.02421875 0.071875
2 0.4796875 0.34765625 0.01953125 0.06640625
0 0.5765625 0.4578125 0.00703125 0.01328125