2 0.8390625 0.42578125 0.0296875 0.084375
2 0.9453125 0.64140625 0.04453125 0.13046875
2 0.8140625 0.33046875 0.02890625 0.06953125
2 0.91875 0.41171875 0.0375 0.09296875
2 0.29375 0.5078125 0.04765625 0.1125
2 0.8640625 0.35078125 0.034375 0.0765625
2 0.65703125 0.63359375 0.0390625 0.12421875
2 0.66875 0.46328125 0.0296875 0.065625
2 0.6375 0.30546875 0.0265625 0.0609375
0 0.0390625 0.61484375 0.02578125 0.0265625
2 0.6734375 0.53515625 0.03671875 0.09296875
2 0.68359375 0.31015625 0.028125 0.07109375
2 0.3453125 0.515625 0.03359375 0.0984375