2 0.7296875 0.39609375 0.02109375 0.05859375
2 0.475 0.56796875 0.025 0.06953125
2 0.1296875 0.70078125 0.03046875 0.09296875
2 0.3265625 0.340625 0.01875 0.053125
2 0.2046875 0.68671875 0.02890625 0.0875
2 0.5375 0.35703125 0.01875 0.05546875
2 0.43125 0.58515625 0.025 0.06796875
2 0.7046875 0.421875 0.02109375 0.059375
2 0.49375 0.37421875 0.01796875 0.05390625
2 0.55625 0.54609375 0.025 0.06953125
2 0.2359375 0.35078125 0.01640625 0.05703125
2 0.4046875 0.58671875 0.02578125 0.0734375
2 0.5703125 0.55546875 0.025 0.06796875
2 0.39296875 0.63125 0.02265625 0.084375