2 0.28203125 0.68984375 0.0359375 0.08125
2 0.503125 0.7890625 0.0453125 0.0796875
2 0.584375 0.39375 0.021875 0.04375
2 0.29453125 0.39765625 0.025 0.0484375
2 0.6390625 0.35234375 0.025 0.053125
2 0.53828125 0.49921875 0.0265625 0.0578125
2 0.24921875 0.6546875 0.0328125 0.0671875
2 0.44296875 0.79140625 0.0328125 0.0765625
2 0.51328125 0.4859375 0.0265625 0.0671875
2 0.5859375 0.72890625 0.0296875 0.084375
2 0.565625 0.378125 0.0203125 0.0453125
2 0.5578125 0.72734375 0.0296875 0.08125
2 0.665625 0.35546875 0.021875 0.0546875
2 0.19765625 0.43125 0.021875 0.059375