2 0.50078125 0.32265625 0.0140625 0.0203125
2 0.440625 0.33203125 0.0125 0.021875
2 0.471875 0.32421875 0.0140625 0.025
2 0.47265625 0.61328125 0.03125 0.0578125
2 0.39765625 0.6390625 0.03125 0.0609375
2 0.609375 0.60546875 0.034375 0.0609375
2 0.62890625 0.5765625 0.03125 0.059375
2 0.55078125 0.3109375 0.0125 0.0234375
2 0.5203125 0.61328125 0.0375 0.071875
2 0.5640625 0.60625 0.0296875 0.0703125
2 0.48359375 0.31953125 0.0125 0.0203125
2 0.55234375 0.6171875 0.0296875 0.0671875
2 0.51640625 0.31875 0.0125 0.0265625
2 0.54140625 0.31171875 0.0125 0.0265625
0 0.4078125 0.4109375 0.009375 0.0140625