2 0.39375 0.49921875 0.028125 0.053125
2 0.4046875 0.62109375 0.0328125 0.065625
2 0.31640625 0.578125 0.028125 0.0578125
2 0.36640625 0.50234375 0.028125 0.053125
2 0.5203125 0.5859375 0.034375 0.0625
2 0.50859375 0.5671875 0.028125 0.0546875
2 0.58203125 0.43203125 0.0234375 0.046875
2 0.60078125 0.42890625 0.0234375 0.0421875
2 0.47265625 0.44296875 0.0234375 0.053125
2 0.53828125 0.43203125 0.034375 0.0546875
2 0.4234375 0.43203125 0.0234375 0.05
2 0.40546875 0.43359375 0.021875 0.04375
2 0.5421875 0.42109375 0.0171875 0.0484375
2 0.45625 0.43828125 0.01875 0.05625