2 0.98828125 0.70234375 0.0234375 0.0859375
2 0.88125 0.671875 0.04609375 0.0859375
2 0.83984375 0.484375 0.034375 0.09453125
2 0.77265625 0.440625 0.0265625 0.08359375
2 0.6828125 0.3390625 0.0234375 0.0640625
2 0.659375 0.33046875 0.0234375 0.046875
2 0.56015625 0.415625 0.0234375 0.08203125
2 0.55390625 0.490625 0.02890625 0.08359375
0 0.621875 0.325 0.01328125 0.01875
2 0.39609375 0.353125 0.0375 0.065625
2 0.3921875 0.38203125 0.02890625 0.07109375
2 0.371875 0.696875 0.034375 0.1171875
2 0.42421875 0.759375 0.040625 0.12890625