2 0.65078125 0.684375 0.04375 0.1125
2 0.6671875 0.61484375 0.0359375 0.0796875
2 0.56953125 0.59296875 0.034375 0.0765625
2 0.51484375 0.58125 0.0390625 0.084375
2 0.44921875 0.5546875 0.0375 0.08125
2 0.35078125 0.53671875 0.0375 0.0875
2 0.325 0.5359375 0.0375 0.0796875
0 0.671875 0.6296875 0.0171875 0.021875
2 0.57734375 0.2390625 0.0125 0.025
2 0.5640625 0.23515625 0.0109375 0.025
2 0.55625 0.23125 0.0140625 0.028125
2 0.54921875 0.23125 0.0125 0.0265625
2 0.540625 0.22734375 0.0125 0.0265625
2 0.53046875 0.225 0.0125 0.0265625
2 0.5171875 0.221875 0.0125 0.0265625