2 0.64765625 0.48359375 0.040625 0.0734375
2 0.22421875 0.6609375 0.0421875 0.084375
2 0.46953125 0.3296875 0.0203125 0.0421875
2 0.76484375 0.58203125 0.0359375 0.071875
2 0.55859375 0.60859375 0.0359375 0.0828125
2 0.3765625 0.3203125 0.01875 0.0421875
2 0.353125 0.41640625 0.025 0.0546875
2 0.5 0.57109375 0.0328125 0.0765625
2 0.35546875 0.3296875 0.0234375 0.040625
2 0.490625 0.3203125 0.0234375 0.040625
2 0.596875 0.3421875 0.0203125 0.0421875
2 0.2125 0.6890625 0.0390625 0.0890625
2 0.34375 0.3953125 0.0171875 0.0375
2 0.5890625 0.3296875 0.015625 0.0359375