2 0.19609375 0.71640625 0.03125 0.0796875
2 0.64375 0.71796875 0.03125 0.071875
2 0.60859375 0.7234375 0.0390625 0.06875
2 0.4 0.5484375 0.03125 0.0625
2 0.3984375 0.453125 0.021875 0.0484375
2 0.5390625 0.53671875 0.0265625 0.0578125
2 0.63046875 0.48203125 0.0265625 0.0546875
2 0.08515625 0.65 0.0390625 0.0796875
2 0.28671875 0.53203125 0.03125 0.0671875
2 0.35234375 0.46796875 0.0234375 0.05
2 0.18359375 0.653125 0.0296875 0.078125
2 0.275 0.54453125 0.01875 0.075
2 0.38515625 0.56328125 0.0234375 0.0671875