2 0.20703125 0.7703125 0.0609375 0.096875
2 0.14375 0.346875 0.053125 0.0765625
2 0.25078125 0.39140625 0.04375 0.065625
2 0.11015625 0.25390625 0.0390625 0.059375
2 0.33984375 0.421875 0.053125 0.0734375
2 0.27421875 0.66640625 0.059375 0.1015625
2 0.39765625 0.375 0.0421875 0.065625
2 0.49921875 0.45390625 0.0421875 0.0640625
2 0.52578125 0.4734375 0.05 0.0796875
2 0.46328125 0.3984375 0.0359375 0.06875
2 0.44765625 0.37578125 0.034375 0.0546875
2 0.44140625 0.41015625 0.0390625 0.071875
2 0.271875 0.39375 0.0453125 0.0859375
0 0.2515625 0.39296875 0.0171875 0.01875