2 0.73125 0.45078125 0.01875 0.05625
2 0.5984375 0.60390625 0.028125 0.08125
2 0.40703125 0.59609375 0.015625 0.075
2 0.3890625 0.615625 0.025 0.078125
2 0.675 0.403125 0.01875 0.04375
2 0.54375 0.41171875 0.01875 0.05625
2 0.28984375 0.49921875 0.021875 0.06875
2 0.18046875 0.63828125 0.0234375 0.08125
2 0.5296875 0.51796875 0.0203125 0.0640625
2 0.6015625 0.46796875 0.0203125 0.059375
2 0.21484375 0.459375 0.01875 0.05625
2 0.48359375 0.41640625 0.015625 0.0640625
2 0.3125 0.40234375 0.0125 0.0515625
2 0.46328125 0.40859375 0.0171875 0.059375
0 0.39375 0.6421875 0.009375 0.0125