2 0.3765625 0.4890625 0.01875 0.0640625
2 0.3921875 0.47421875 0.01953125 0.0375
2 0.15625 0.703125 0.03515625 0.0734375
2 0.55625 0.50859375 0.0234375 0.046875
2 0.59140625 0.68671875 0.0265625 0.07109375
2 0.32890625 0.44296875 0.01875 0.046875
2 0.153125 0.57421875 0.0328125 0.07109375
2 0.38125 0.41953125 0.01875 0.04453125
2 0.6328125 0.45234375 0.02109375 0.040625
2 0.1125 0.68359375 0.02578125 0.078125
2 0.2984375 0.521875 0.02421875 0.059375
2 0.02734375 0.61328125 0.03515625 0.0875
2 0.60234375 0.63828125 0.02578125 0.06796875
2 0.30703125 0.5109375 0.0125 0.06171875
0 0.2984375 0.51484375 0.0078125 0.015625