2 0.70234375 0.26640625 0.0328125 0.0609375
2 0.52421875 0.553125 0.0578125 0.090625
2 0.696875 0.490625 0.05625 0.078125
2 0.7046875 0.73203125 0.0578125 0.103125
2 0.9 0.5859375 0.05 0.0890625
2 0.4015625 0.33671875 0.03125 0.05
2 0.56171875 0.48671875 0.0484375 0.08125
2 0.25234375 0.4046875 0.0390625 0.059375
2 0.21796875 0.43203125 0.040625 0.0625
2 0.48203125 0.8109375 0.0578125 0.090625
2 0.71875 0.265625 0.0359375 0.06875
2 0.39453125 0.36484375 0.028125 0.05
2 0.68046875 0.7390625 0.06875 0.109375
2 0.47578125 0.94296875 0.0734375 0.1140625
0 0.67109375 0.70859375 0.0109375 0.0125