2 0.48203125 0.3625 0.0203125 0.034375
2 0.54296875 0.378125 0.021875 0.0390625
2 0.55546875 0.43671875 0.0265625 0.0453125
2 0.55859375 0.34765625 0.021875 0.034375
2 0.421875 0.37421875 0.0171875 0.0390625
2 0.415625 0.3875 0.01875 0.0390625
2 0.421875 0.49453125 0.0234375 0.0484375
2 0.4140625 0.46640625 0.0171875 0.034375
2 0.39453125 0.45625 0.025 0.0453125
2 0.390625 0.40546875 0.0203125 0.0390625
2 0.41484375 0.446875 0.0203125 0.0375
2 0.415625 0.43828125 0.015625 0.03125
2 0.4609375 0.33359375 0.0171875 0.0328125
2 0.425 0.44140625 0.0234375 0.0453125
0 0.38984375 0.37421875 0.009375 0.0140625