2 0.575 0.76875 0.046875 0.0765625
2 0.62890625 0.596875 0.0421875 0.0859375
2 0.5875 0.309375 0.03125 0.0578125
2 0.49375 0.3296875 0.0265625 0.046875
2 0.584375 0.559375 0.046875 0.0921875
2 0.67890625 0.2984375 0.0328125 0.0578125
2 0.41640625 0.325 0.0328125 0.0609375
2 0.7484375 0.70546875 0.053125 0.0953125
2 0.61875 0.94453125 0.05 0.084375
2 0.37421875 0.2921875 0.0296875 0.0546875
2 0.4703125 0.29296875 0.028125 0.053125
2 0.525 0.978125 0.046875 0.04375
2 0.4375 0.31640625 0.03125 0.0546875
0 0.609375 0.35859375 0.0140625 0.0203125