2 0.61328125 0.34921875 0.028125 0.05625
2 0.46171875 0.86171875 0.0546875 0.0984375
2 0.49296875 0.41484375 0.0359375 0.059375
2 0.43046875 0.66328125 0.05 0.084375
2 0.5453125 0.46796875 0.0375 0.0609375
2 0.3609375 0.634375 0.0390625 0.0703125
2 0.48359375 0.7875 0.0515625 0.078125
2 0.51171875 0.31484375 0.034375 0.059375
2 0.54296875 0.2890625 0.0328125 0.0546875
2 0.40546875 0.3046875 0.0375 0.0625
2 0.27265625 0.4125 0.0328125 0.06875
0 0.3203125 0.3109375 0.015625 0.0171875
2 0.2640625 0.3859375 0.0296875 0.0609375
2 0.40390625 0.28203125 0.0234375 0.03125
2 0.62265625 0.3234375 0.0234375 0.046875