2 0.71171875 0.5796875 0.0375 0.065625
2 0.77109375 0.584375 0.03125 0.0609375
2 0.49609375 0.559375 0.034375 0.0671875
2 0.70234375 0.45859375 0.0234375 0.0453125
2 0.64296875 0.396875 0.0234375 0.0421875
2 0.65703125 0.5671875 0.0234375 0.06875
2 0.66796875 0.5578125 0.0296875 0.0578125
2 0.584375 0.40078125 0.0203125 0.040625
2 0.59375 0.4078125 0.0265625 0.046875
2 0.4640625 0.4046875 0.025 0.0453125
2 0.50546875 0.509375 0.0296875 0.0578125
2 0.47421875 0.40703125 0.0234375 0.05
2 0.64921875 0.38203125 0.0171875 0.0359375
2 0.6859375 0.4625 0.0234375 0.053125