2 0.61328125 0.61953125 0.0421875 0.0703125
2 0.4921875 0.4078125 0.0375 0.065625
2 0.559375 0.39453125 0.0328125 0.0546875
2 0.578125 0.54921875 0.0375 0.075
2 0.7265625 0.62734375 0.0453125 0.0765625
2 0.775 0.39453125 0.03125 0.0515625
2 0.7078125 0.3640625 0.0328125 0.046875
2 0.47890625 0.32734375 0.0296875 0.05625
2 0.46875 0.31171875 0.0234375 0.0484375
2 0.45 0.290625 0.028125 0.046875
2 0.50390625 0.33359375 0.028125 0.0515625
2 0.4125 0.53515625 0.03125 0.0765625
2 0.4015625 0.53203125 0.0328125 0.0703125
2 0.56484375 0.5046875 0.0328125 0.0640625