2 0.778125 0.72578125 0.04296875 0.1234375
2 0.2234375 0.25546875 0.025 0.05859375
2 0.7 0.2765625 0.02421875 0.053125
2 0.37890625 0.425 0.02578125 0.09453125
2 0.4 0.38671875 0.0296875 0.0734375
2 0.8484375 0.68515625 0.04375 0.10703125
2 0.7125 0.52265625 0.03671875 0.090625
2 0.6140625 0.546875 0.03359375 0.09609375
2 0.65390625 0.48203125 0.0296875 0.05546875
2 0.73515625 0.28671875 0.0234375 0.0625
2 0.175 0.284375 0.01953125 0.059375
2 0.55 0.29296875 0.01875 0.05546875
2 0.60390625 0.509375 0.01953125 0.0828125
0 0.703125 0.5109375 0.0125 0.02265625
2 0.55859375 0.2734375 0.01328125 0.05