2 0.4921875 0.39296875 0.0296875 0.065625
2 0.7875 0.42734375 0.0390625 0.084375
2 0.5234375 0.54453125 0.0421875 0.0828125
2 0.590625 0.803125 0.0625 0.146875
2 0.6796875 0.709375 0.0484375 0.1265625
2 0.81484375 0.40703125 0.0375 0.084375
0 0.4943868453125 0.3950847171875 0.48788484062500004 0.39565356875 0.4880682625 0.4133515734375 0.4956419125 0.41099035625 0.4943868453125 0.3950847171875
2 0.41640625 0.39609375 0.025 0.0734375
2 0.4265625 0.425 0.0203125 0.0796875
2 0.4390625 0.428125 0.0234375 0.0703125
2 0.4484375 0.484375 0.0234375 0.0890625