2 0.8390625 0.37578125 0.028125 0.046875
2 0.72890625 0.3453125 0.025 0.0421875
2 0.29140625 0.4140625 0.0234375 0.0375
2 0.2546875 0.43046875 0.021875 0.0328125
2 0.2390625 0.50703125 0.025 0.0421875
2 0.74765625 0.340625 0.0265625 0.04375
2 0.78125 0.31875 0.025 0.0453125
2 0.84453125 0.3375 0.0265625 0.046875
2 0.2515625 0.46875 0.01875 0.0375
2 0.76171875 0.31875 0.021875 0.0421875
2 0.75234375 0.2796875 0.0203125 0.040625
2 0.24453125 0.534375 0.021875 0.0453125
2 0.24765625 0.48359375 0.0203125 0.040625
2 0.25 0.45234375 0.0171875 0.034375