2 0.53828125 0.86875 0.0578125 0.109375
2 0.6609375 0.44375 0.028125 0.0484375
2 0.32890625 0.35234375 0.0265625 0.05
2 0.23359375 0.66015625 0.0421875 0.0875
2 0.5390625 0.74453125 0.040625 0.0859375
2 0.67109375 0.38671875 0.0265625 0.0546875
2 0.51015625 0.51328125 0.021875 0.06875
2 0.515625 0.525 0.034375 0.0703125
2 0.22734375 0.37265625 0.025 0.0578125
2 0.69765625 0.3875 0.025 0.0546875
2 0.6453125 0.41015625 0.0234375 0.0484375
2 0.18125 0.6296875 0.0390625 0.0859375
2 0.50390625 0.8828125 0.0546875 0.1015625
2 0.5390625 0.7 0.0328125 0.0515625
0 0.5390625 0.74453125 0.015625 0.021875