2 0.11328125 0.58359375 0.0390625 0.103125
2 0.52421875 0.53125 0.0375 0.0796875
2 0.77109375 0.43984375 0.03125 0.071875
2 0.5671875 0.50546875 0.0328125 0.075
2 0.5875 0.43359375 0.0328125 0.0671875
2 0.1578125 0.5546875 0.034375 0.0953125
2 0.67109375 0.34296875 0.021875 0.0515625
2 0.52109375 0.3984375 0.028125 0.0671875
2 0.36328125 0.38515625 0.0265625 0.05625
2 0.42734375 0.34375 0.0234375 0.053125
2 0.328125 0.36484375 0.021875 0.046875
2 0.4484375 0.33203125 0.0234375 0.053125
0 0.5765625 0.3109375 0.009375 0.0140625
2 0.653125 0.328125 0.021875 0.046875
2 0.8390625 0.4546875 0.0375 0.1