2 0.3828125 0.478125 0.0203125 0.0453125
2 0.45078125 0.4625 0.0203125 0.0421875
2 0.68203125 0.46484375 0.021875 0.0453125
2 0.64453125 0.53671875 0.0328125 0.0671875
2 0.71875 0.4890625 0.0296875 0.059375
2 0.32109375 0.51484375 0.0265625 0.0578125
2 0.340625 0.71484375 0.034375 0.0765625
2 0.4015625 0.5015625 0.0296875 0.0515625
2 0.34296875 0.6078125 0.03125 0.0640625
2 0.259375 0.6546875 0.0328125 0.0609375
2 0.690625 0.44453125 0.01875 0.0484375
0 0.69609375 0.4484375 0.009375 0.0140625
2 0.684375 0.5 0.0265625 0.059375
2 0.6421875 0.51875 0.0171875 0.04375
2 0.4515625 0.4921875 0.015625 0.053125