2 0.7375 0.51328125 0.025 0.06796875
2 0.4953125 0.47578125 0.02265625 0.059375
2 0.25 0.48671875 0.02109375 0.059375
2 0.53125 0.39453125 0.01796875 0.05546875
2 0.515625 0.45234375 0.01953125 0.065625
2 0.4078125 0.40390625 0.0203125 0.05546875
2 0.5109375 0.38046875 0.015625 0.05
2 0.34609375 0.33046875 0.01015625 0.04921875
2 0.3578125 0.34296875 0.01640625 0.046875
2 0.46640625 0.34140625 0.0140625 0.0390625
2 0.23203125 0.4484375 0.0171875 0.06484375
2 0.409375 0.3734375 0.02734375 0.0390625
2 0.47578125 0.33671875 0.00859375 0.05
2 0.71953125 0.47734375 0.02265625 0.08046875