2 0.47890625 0.49296875 0.0265625 0.0546875
2 0.6828125 0.56171875 0.03125 0.06875
2 0.59921875 0.61484375 0.0390625 0.071875
2 0.4671875 0.6546875 0.0359375 0.0609375
2 0.56171875 0.534375 0.0296875 0.0609375
2 0.60859375 0.54375 0.0328125 0.06875
2 0.38203125 0.53046875 0.025 0.053125
2 0.4328125 0.63203125 0.03125 0.059375
2 0.446875 0.4328125 0.0234375 0.0609375
2 0.46015625 0.4375 0.0265625 0.053125
2 0.51328125 0.42734375 0.021875 0.0390625
2 0.49921875 0.49921875 0.025 0.0484375
2 0.53125 0.44140625 0.028125 0.046875
2 0.38828125 0.51328125 0.0203125 0.0546875