2 0.55546875 0.4203125 0.0203125 0.0484375
2 0.6515625 0.46171875 0.02421875 0.05390625
2 0.5484375 0.37890625 0.01796875 0.03359375
2 0.40625 0.54609375 0.02421875 0.05546875
2 0.4859375 0.32578125 0.01640625 0.03203125
2 0.51640625 0.509375 0.025 0.059375
2 0.415625 0.43984375 0.021875 0.04609375
2 0.7234375 0.48046875 0.0234375 0.05859375
2 0.565625 0.35078125 0.015625 0.04296875
2 0.53125 0.34296875 0.0140625 0.04140625
2 0.4625 0.34921875 0.01328125 0.034375
2 0.45 0.36640625 0.015625 0.04921875
2 0.54375 0.3484375 0.01015625 0.0359375
2 0.540625 0.453125 0.01484375 0.05625
0 0.721875 0.50703125 0.0078125 0.0109375