2 0.6125 0.21640625 0.0265625 0.0484375
2 0.6390625 0.22109375 0.01875 0.040625
2 0.6515625 0.25546875 0.0234375 0.053125
2 0.6609375 0.2546875 0.0265625 0.05625
2 0.67109375 0.29453125 0.0296875 0.0625
2 0.7 0.35390625 0.0296875 0.0734375
2 0.71796875 0.36328125 0.034375 0.0765625
2 0.72578125 0.3421875 0.0359375 0.0765625
2 0.6203125 0.33359375 0.034375 0.0796875
2 0.60703125 0.32109375 0.0359375 0.06875
2 0.52890625 0.2421875 0.028125 0.0625
2 0.5171875 0.25703125 0.0265625 0.0640625
2 0.24453125 0.30625 0.0546875 0.0890625
2 0.25859375 0.29140625 0.05 0.090625
0 0.24609375 0.23671875 0.01875 0.01875