2 0.2640625 0.26015625 0.02265625 0.0515625
2 0.3796875 0.465625 0.02734375 0.05546875
2 0.5578125 0.24140625 0.02109375 0.04453125
2 0.4640625 0.28828125 0.02265625 0.05390625
2 0.584375 0.20546875 0.01796875 0.04453125
2 0.40546875 0.42265625 0.0234375 0.0515625
2 0.6671875 0.55546875 0.03046875 0.075
2 0.7046875 0.66171875 0.03046875 0.10390625
2 0.7171875 0.240625 0.01953125 0.040625
2 0.46875 0.51015625 0.02578125 0.08203125
2 0.23984375 0.2734375 0.0125 0.0625
2 0.475 0.31875 0.01796875 0.0546875
2 0.48671875 0.51953125 0.03046875 0.071875
0 0.49375 0.51171875 0.01015625 0.01328125
2 0.73125 0.25234375 0.015625 0.05078125