2 0.6671875 0.60546875 0.02265625 0.06953125
2 0.44375 0.590625 0.02578125 0.0734375
2 0.63125 0.66953125 0.03125 0.06953125
2 0.2796875 0.59140625 0.0234375 0.06953125
2 0.5375 0.60546875 0.02578125 0.06953125
2 0.503125 0.59296875 0.02890625 0.0640625
2 0.353125 0.63203125 0.0234375 0.06640625
2 0.484375 0.2234375 0.00625 0.028125
2 0.48984375 0.225 0.00625 0.02734375
2 0.5 0.2234375 0.0078125 0.028125
2 0.50859375 0.225 0.00546875 0.0265625
2 0.51640625 0.225 0.0078125 0.028125
2 0.528125 0.2234375 0.0078125 0.02578125
2 0.5359375 0.22421875 0.0078125 0.028125