2 0.24296875 0.44921875 0.034375 0.06875
2 0.7671875 0.50234375 0.0359375 0.071875
2 0.7546875 0.303125 0.028125 0.04375
2 0.56015625 0.271875 0.0296875 0.05625
2 0.7265625 0.4765625 0.0296875 0.046875
2 0.46015625 0.2671875 0.028125 0.05
2 0.8171875 0.3234375 0.028125 0.0453125
2 0.49921875 0.26953125 0.0265625 0.0484375
2 0.65390625 0.30703125 0.025 0.05625
2 0.63984375 0.2859375 0.0265625 0.0515625
2 0.43046875 0.3359375 0.028125 0.05625
2 0.58125 0.29453125 0.0265625 0.0484375
2 0.446875 0.3640625 0.0265625 0.053125
2 0.275 0.43984375 0.0359375 0.075