2 0.51796875 0.5515625 0.046875 0.0828125
2 0.40546875 0.27421875 0.0296875 0.046875
2 0.64375 0.53671875 0.053125 0.0796875
2 0.77578125 0.29140625 0.0484375 0.078125
2 0.64375 0.265625 0.040625 0.0703125
2 0.34765625 0.7328125 0.0609375 0.1078125
2 0.5078125 0.69921875 0.0578125 0.1140625
2 0.5890625 0.271875 0.0421875 0.06875
2 0.18984375 0.43671875 0.0375 0.0640625
2 0.81796875 0.26953125 0.0375 0.071875
2 0.59140625 0.5453125 0.0578125 0.08125
2 0.171875 0.4453125 0.0375 0.084375
2 0.39453125 0.30078125 0.0265625 0.05625
2 0.3359375 0.84296875 0.0625 0.15
0 0.4953125 0.6625 0.0171875 0.01875