2 0.328125 0.66484375 0.0453125 0.115625
2 0.34140625 0.5984375 0.0484375 0.0953125
2 0.690625 0.475 0.04375 0.0828125
2 0.725 0.41484375 0.0359375 0.071875
2 0.6375 0.43984375 0.0359375 0.0625
2 0.41796875 0.453125 0.0390625 0.0796875
2 0.45390625 0.4203125 0.0359375 0.0640625
2 0.59375 0.4546875 0.0328125 0.0625
2 0.64375 0.6578125 0.05 0.09375
2 0.5203125 0.35390625 0.025 0.0515625
2 0.3375 0.36171875 0.0265625 0.053125
2 0.53671875 0.34375 0.0265625 0.05
2 0.625 0.6109375 0.04375 0.071875
2 0.3484375 0.34375 0.025 0.05625
0 0.6328125 0.6515625 0.015625 0.0234375