2 0.8734375 0.621875 0.034375 0.08125
2 0.81875 0.63515625 0.03671875 0.0859375
2 0.89609375 0.38203125 0.021875 0.05546875
2 0.8515625 0.33671875 0.0265625 0.046875
2 0.76953125 0.47265625 0.0296875 0.0703125
2 0.7546875 0.48203125 0.02890625 0.0671875
2 0.74921875 0.31875 0.02265625 0.053125
2 0.71640625 0.30859375 0.015625 0.059375
2 0.41640625 0.30625 0.0140625 0.05234375
2 0.4359375 0.315625 0.01484375 0.05390625
2 0.42265625 0.40859375 0.025 0.07109375
2 0.40390625 0.4140625 0.01640625 0.07109375
0 0.409375 0.40390625 0.00625 0.01171875
2 0.36875 0.61484375 0.01875 0.08515625
2 0.325 0.646875 0.0234375 0.078125