2 0.353125 0.753125 0.040625 0.084375
2 0.4515625 0.6953125 0.0359375 0.0640625
2 0.73359375 0.53515625 0.034375 0.065625
2 0.5734375 0.3 0.025 0.0484375
2 0.33515625 0.3671875 0.0265625 0.0484375
2 0.61484375 0.325 0.0265625 0.0484375
2 0.39765625 0.3875 0.0265625 0.05
2 0.56015625 0.53046875 0.0359375 0.06875
2 0.50625 0.5125 0.0296875 0.059375
2 0.3046875 0.3125 0.021875 0.0375
2 0.38125 0.31484375 0.025 0.0421875
2 0.79375 0.60625 0.03125 0.0640625
2 0.58125 0.68515625 0.0328125 0.0671875
0 0.47265625 0.5375 0.0140625 0.015625
2 0.5734375 0.6953125 0.03125 0.078125