2 0.6765625 0.534375 0.021875 0.0640625
2 0.4828125 0.53984375 0.01953125 0.05703125
2 0.534375 0.58515625 0.02109375 0.059375
2 0.3390625 0.43125 0.01328125 0.04296875
2 0.30703125 0.57109375 0.0203125 0.0609375
2 0.6203125 0.42421875 0.01328125 0.040625
2 0.4625 0.41484375 0.0125 0.040625
2 0.63125 0.46796875 0.01328125 0.053125
2 0.64921875 0.46484375 0.0171875 0.04921875
2 0.64609375 0.43046875 0.0125 0.04453125
2 0.4375 0.41171875 0.01328125 0.03203125
2 0.6546875 0.52734375 0.02109375 0.065625
2 0.346875 0.42265625 0.0109375 0.03671875
2 0.31796875 0.55625 0.01640625 0.0609375