2 0.19921875 0.4890625 0.0375 0.0609375
2 0.5859375 0.8125 0.053125 0.1
2 0.40234375 0.325 0.0234375 0.0453125
2 0.15078125 0.50703125 0.0421875 0.065625
2 0.52109375 0.3484375 0.028125 0.040625
2 0.421875 0.33984375 0.0296875 0.05
2 0.57734375 0.63125 0.034375 0.071875
2 0.2875 0.3859375 0.0359375 0.0546875
2 0.54609375 0.36640625 0.028125 0.0515625
2 0.5828125 0.39140625 0.0296875 0.046875
2 0.62890625 0.3546875 0.025 0.0609375
2 0.61953125 0.3265625 0.0171875 0.04375
2 0.60859375 0.39609375 0.025 0.059375
2 0.2875 0.365625 0.0171875 0.028125