2 0.3125 0.43984375 0.04140625 0.09609375
2 0.4328125 0.41796875 0.04453125 0.071875
2 0.48125 0.63984375 0.04296875 0.1375
2 0.4296875 0.69609375 0.05 0.15546875
2 0.6390625 0.271875 0.02265625 0.05390625
2 0.7234375 0.34296875 0.02734375 0.071875
2 0.88125 0.41796875 0.03046875 0.078125
2 0.69921875 0.32265625 0.0203125 0.065625
2 0.53125 0.38515625 0.03203125 0.07890625
2 0.5640625 0.37734375 0.02734375 0.065625
2 0.5828125 0.27734375 0.01953125 0.0515625
2 0.56953125 0.53046875 0.0359375 0.1140625
2 0.57734375 0.50078125 0.0265625 0.08125