2 0.34375 0.22890625 0.02265625 0.04453125
2 0.2953125 0.53671875 0.03046875 0.05390625
2 0.39921875 0.68046875 0.0296875 0.078125
2 0.4046875 0.21640625 0.01875 0.04453125
2 0.25078125 0.89296875 0.0328125 0.11171875
2 0.2671875 0.82734375 0.0390625 0.0984375
2 0.2453125 0.278125 0.02109375 0.0484375
2 0.225 0.23984375 0.01953125 0.0484375
2 0.5140625 0.22890625 0.01796875 0.04453125
2 0.309375 0.26171875 0.021875 0.04609375
2 0.28125 0.46796875 0.02421875 0.053125
2 0.3703125 0.65078125 0.02890625 0.08203125
2 0.49765625 0.22421875 0.0171875 0.04296875
0 0.27578125 0.79296875 0.01484375 0.034375
2 0.40390625 0.1859375 0.015625 0.03359375