2 0.3625 0.44453125 0.040625 0.075
2 0.390625 0.30234375 0.0234375 0.0578125
2 0.421875 0.3203125 0.03125 0.071875
2 0.4703125 0.4375 0.0359375 0.0671875
2 0.41328125 0.515625 0.0375 0.0765625
2 0.44296875 0.52890625 0.05 0.08125
0 0.41953125 0.4953125 0.0109375 0.0109375
2 0.76796875 0.45703125 0.0515625 0.0828125
2 0.8625 0.46171875 0.05 0.0875
2 0.765625 0.18671875 0.0296875 0.0546875
2 0.70625 0.18359375 0.0328125 0.0515625
2 0.76796875 0.253125 0.0328125 0.0546875
2 0.7734375 0.24765625 0.0328125 0.0546875
2 0.85390625 0.7421875 0.0765625 0.09375
2 0.98671875 0.69375 0.0265625 0.103125