2 0.4 0.521875 0.03515625 0.08203125
2 0.36640625 0.51796875 0.0328125 0.078125
2 0.3421875 0.80546875 0.03984375 0.1
2 0.4265625 0.46953125 0.0265625 0.075
2 0.2640625 0.49765625 0.028125 0.06796875
2 0.22421875 0.47578125 0.025 0.06796875
2 0.13359375 0.36328125 0.025 0.05703125
2 0.19765625 0.915625 0.0421875 0.1015625
2 0.3 0.434375 0.02421875 0.0625
2 0.46953125 0.465625 0.0234375 0.0625
2 0.34375 0.42109375 0.02421875 0.05859375
2 0.16875 0.41953125 0.02578125 0.06953125
2 0.25 0.4515625 0.02578125 0.0609375