2 0.41640625 0.26328125 0.025 0.046875
2 0.26875 0.5203125 0.0328125 0.06875
2 0.2 0.25546875 0.025 0.053125
2 0.34375 0.2453125 0.0234375 0.046875
2 0.3609375 0.4234375 0.03125 0.0625
2 0.390625 0.26875 0.025 0.046875
2 0.2375 0.57265625 0.0265625 0.071875
2 0.246875 0.27578125 0.0265625 0.0484375
2 0.32578125 0.26640625 0.025 0.0453125
2 0.384375 0.196875 0.01875 0.0546875
2 0.39375 0.18828125 0.0203125 0.040625
2 0.425 0.56484375 0.0328125 0.071875
2 0.41171875 0.5921875 0.0328125 0.084375
2 0.359375 0.39375 0.0171875 0.0359375