2 0.2765625 0.6625 0.06875 0.1234375
2 0.68671875 0.5875 0.0609375 0.0984375
2 0.2484375 0.61015625 0.0625 0.10625
2 0.4328125 0.8125 0.05625 0.1015625
2 0.72734375 0.425 0.0453125 0.065625
2 0.64921875 0.5671875 0.05625 0.0875
2 0.56328125 0.66640625 0.059375 0.1125
2 0.575 0.5578125 0.0484375 0.0921875
2 0.68984375 0.38984375 0.0390625 0.075
2 0.6984375 0.35546875 0.03125 0.053125
2 0.4484375 0.865625 0.06875 0.14375
2 0.709375 0.45390625 0.0421875 0.0765625
0 0.72890625 0.42578125 0.0140625 0.015625