2 0.62578125 0.878125 0.059375 0.096875
2 0.8859375 0.5390625 0.0515625 0.0765625
2 0.7703125 0.52578125 0.0421875 0.065625
2 0.96015625 0.4734375 0.0390625 0.059375
2 0.678125 0.50859375 0.053125 0.0734375
2 0.61640625 0.75546875 0.0578125 0.1
2 0.65 0.43984375 0.040625 0.065625
2 0.52265625 0.46015625 0.040625 0.0640625
2 0.490625 0.46484375 0.05 0.0796875
2 0.58125 0.42890625 0.034375 0.06875
2 0.60625 0.4171875 0.034375 0.0546875
2 0.59453125 0.44921875 0.0375 0.071875
2 0.75078125 0.5171875 0.04375 0.0859375
0 0.76953125 0.5265625 0.0171875 0.01875