2 0.84140625 0.5515625 0.0359375 0.0890625
2 0.67421875 0.29921875 0.021875 0.05
2 0.934375 0.45625 0.025 0.071875
2 0.49375 0.51171875 0.0265625 0.071875
2 0.46953125 0.4359375 0.0234375 0.0578125
2 0.771875 0.50546875 0.0328125 0.0828125
2 0.90859375 0.49765625 0.0296875 0.06875
2 0.57265625 0.465625 0.021875 0.0609375
2 0.65078125 0.35 0.021875 0.059375
2 0.58125 0.36640625 0.0234375 0.0609375
2 0.63671875 0.29921875 0.0203125 0.05625
2 0.6328125 0.34375 0.01875 0.05
0 0.63203125 0.340625 0.0078125 0.0125
2 0.57109375 0.3484375 0.0140625 0.05625
2 0.490625 0.4734375 0.0171875 0.0484375