2 0.6796875 0.61171875 0.0296875 0.08125
2 0.74375 0.65546875 0.034375 0.0890625
2 0.2484375 0.52890625 0.028125 0.071875
2 0.509375 0.490625 0.025 0.065625
2 0.325 0.29296875 0.025 0.05625
2 0.3453125 0.459375 0.028125 0.071875
2 0.275 0.31328125 0.01875 0.053125
2 0.40625 0.34296875 0.025 0.059375
2 0.38125 0.29765625 0.021875 0.059375
2 0.6515625 0.28046875 0.025 0.04375
2 0.6765625 0.29765625 0.021875 0.0515625
2 0.58046875 0.46328125 0.0234375 0.06875
2 0.5203125 0.54921875 0.03125 0.0515625
2 0.56953125 0.465625 0.015625 0.075
0 0.5828125 0.46171875 0.0109375 0.0125