2 0.85703125 0.44921875 0.01875 0.0453125
2 0.75546875 0.39609375 0.0171875 0.0390625
2 0.31328125 0.37265625 0.0171875 0.034375
2 0.275 0.38125 0.015625 0.03125
2 0.24296875 0.45234375 0.0171875 0.0390625
2 0.775 0.3953125 0.01875 0.0421875
2 0.81328125 0.38125 0.015625 0.04375
2 0.87109375 0.4125 0.0171875 0.0453125
2 0.26328125 0.41796875 0.0125 0.0375
2 0.79375 0.37734375 0.0140625 0.040625
2 0.79296875 0.33671875 0.0125 0.0390625
2 0.24296875 0.48046875 0.0125 0.04375
2 0.25625 0.43125 0.0125 0.0390625
2 0.265625 0.4015625 0.0109375 0.0328125