2 0.68046875 0.52734375 0.046875 0.0921875
2 0.29140625 0.2890625 0.0390625 0.0703125
2 0.6765625 0.9390625 0.065625 0.121875
2 0.146875 0.3640625 0.0453125 0.0859375
2 0.18203125 0.665625 0.0640625 0.1328125
2 0.80234375 0.53984375 0.046875 0.096875
2 0.40234375 0.45 0.0421875 0.0734375
2 0.42265625 0.3921875 0.0375 0.0640625
2 0.49453125 0.26953125 0.0296875 0.0625
2 0.50859375 0.30546875 0.028125 0.0578125
2 0.8078125 0.6171875 0.05 0.090625
2 0.82109375 0.56953125 0.0296875 0.046875
0 0.396875 0.4359375 0.0140625 0.0203125