2 0.60234375 0.58671875 0.028125 0.059375
2 0.4203125 0.55390625 0.025 0.05625
2 0.484375 0.54609375 0.025 0.053125
2 0.53046875 0.55234375 0.0265625 0.053125
2 0.46171875 0.54453125 0.01875 0.040625
2 0.40546875 0.525 0.0234375 0.05
2 0.47421875 0.321875 0.0125 0.021875
2 0.5046875 0.3296875 0.0140625 0.0234375
2 0.44375 0.31796875 0.009375 0.028125
2 0.43828125 0.31796875 0.009375 0.0234375
0 0.5875 0.30625 0.0078125 0.009375
2 0.55625 0.33203125 0.0109375 0.025
2 0.5203125 0.33125 0.0125 0.0296875
2 0.51640625 0.32421875 0.009375 0.0234375
2 0.45703125 0.58203125 0.0234375 0.0640625