2 0.49609375 0.51015625 0.0296875 0.05625
2 0.49921875 0.57265625 0.0296875 0.0640625
2 0.64140625 0.5265625 0.03125 0.0609375
2 0.3421875 0.54765625 0.028125 0.0578125
2 0.328125 0.66171875 0.0328125 0.0671875
2 0.6859375 0.53203125 0.028125 0.0640625
2 0.27890625 0.36640625 0.0234375 0.0484375
2 0.31796875 0.33515625 0.025 0.046875
2 0.5953125 0.26875 0.021875 0.0421875
2 0.378125 0.26640625 0.0265625 0.0453125
2 0.6671875 0.28984375 0.021875 0.04375
2 0.36796875 0.42578125 0.0296875 0.0546875
2 0.384375 0.43828125 0.025 0.0546875
2 0.37890625 0.246875 0.0140625 0.0296875