2 0.67734375 0.74296875 0.0421875 0.1109375
2 0.2453125 0.50703125 0.03125 0.0796875
2 0.6890625 0.40859375 0.0296875 0.075
2 0.29375 0.8421875 0.046875 0.1359375
2 0.271875 0.29765625 0.025 0.05625
2 0.17421875 0.3453125 0.028125 0.0703125
2 0.76015625 0.39375 0.0265625 0.0734375
2 0.44453125 0.25703125 0.0265625 0.0546875
2 0.4203125 0.23125 0.01875 0.0546875
2 0.52890625 0.96015625 0.0484375 0.0796875
2 0.384375 0.4640625 0.028125 0.0671875
2 0.73203125 0.43203125 0.028125 0.0828125
2 0.75703125 0.45703125 0.0328125 0.09375
2 0.365625 0.428125 0.0203125 0.071875
0 0.375 0.4671875 0.0109375 0.01875