2 0.4625 0.32734375 0.0109375 0.01875
2 0.52265625 0.3234375 0.009375 0.021875
2 0.490625 0.321875 0.0109375 0.0234375
2 0.55078125 0.60546875 0.025 0.05625
2 0.62890625 0.61484375 0.0234375 0.059375
2 0.415625 0.62578125 0.0265625 0.0578125
2 0.3890625 0.6015625 0.0234375 0.0578125
2 0.4109375 0.32578125 0.0109375 0.0234375
2 0.50390625 0.61484375 0.0296875 0.06875
2 0.459375 0.6171875 0.0203125 0.06875
2 0.47890625 0.3203125 0.009375 0.0203125
2 0.4734375 0.625 0.0203125 0.065625
2 0.44609375 0.32578125 0.009375 0.025
2 0.4203125 0.32421875 0.009375 0.0265625
0 0.57109375 0.39375 0.0078125 0.0140625