2 0.421875 0.5734375 0.0390625 0.071875
2 0.43125 0.4015625 0.0234375 0.0375
2 0.85 0.5671875 0.0390625 0.0640625
2 0.53515625 0.403125 0.0296875 0.053125
2 0.16171875 0.61171875 0.0328125 0.059375
2 0.571875 0.56015625 0.03125 0.08125
2 0.5703125 0.5375 0.034375 0.06875
2 0.90078125 0.5234375 0.0421875 0.084375
2 0.36015625 0.43046875 0.025 0.04375
2 0.2140625 0.628125 0.0390625 0.0765625
2 0.4046875 0.509375 0.0296875 0.0578125
2 0.3265625 0.378125 0.021875 0.040625
2 0.41484375 0.4046875 0.01875 0.0421875
2 0.55 0.378125 0.0203125 0.05
0 0.3953125 0.44609375 0.0125 0.0140625