2 0.7984375 0.61171875 0.03671875 0.084375
2 0.7390625 0.54296875 0.03125 0.09140625
2 0.21171875 0.39296875 0.01875 0.05546875
2 0.50625 0.565625 0.02578125 0.06953125
2 0.3296875 0.478125 0.02421875 0.07734375
2 0.3328125 0.43046875 0.02109375 0.0609375
2 0.2109375 0.44921875 0.025 0.06796875
2 0.425 0.54453125 0.0265625 0.06953125
2 0.33359375 0.265625 0.01875 0.04296875
2 0.3453125 0.24453125 0.01640625 0.04453125
2 0.29140625 0.478125 0.01484375 0.078125
2 0.46796875 0.515625 0.0234375 0.05078125
2 0.3078125 0.4828125 0.0234375 0.0796875
2 0.47109375 0.5671875 0.02265625 0.078125