2 0.47578125 0.39609375 0.0375 0.0671875
2 0.77265625 0.3828125 0.0515625 0.0875
2 0.53046875 0.53984375 0.0546875 0.0875
2 0.6375 0.78515625 0.084375 0.1515625
2 0.71015625 0.67890625 0.0671875 0.1296875
2 0.796875 0.359375 0.05 0.0875
0 0.47804358750000003 0.3972544890625 0.4717106203125 0.398833475 0.4746603625 0.41628489531249996 0.4817713921875 0.41276796875 0.47804358750000003 0.3972544890625
2 0.40078125 0.41015625 0.0359375 0.075
2 0.415625 0.4375 0.0328125 0.0796875
2 0.428125 0.4390625 0.0328125 0.0703125
2 0.446875 0.4921875 0.0375 0.0890625