2 0.4984375 0.39296875 0.0234375 0.0640625
2 0.20703125 0.45234375 0.0328125 0.08203125
2 0.48046875 0.54609375 0.0359375 0.08046875
2 0.4359375 0.81015625 0.05078125 0.14296875
2 0.3390625 0.72421875 0.03828125 0.1234375
2 0.178125 0.43515625 0.03046875 0.08203125
0 0.5029746671875001 0.39499473281249997 0.496447825 0.39499473281249997 0.4965838015625 0.41094923281250006 0.5043344249999999 0.412641378125 0.5029746671875001 0.39499473281249997
2 0.57421875 0.3890625 0.01953125 0.071875
2 0.56640625 0.41875 0.0140625 0.07890625
2 0.5546875 0.4234375 0.0171875 0.06875
2 0.55 0.4796875 0.01640625 0.08828125