2 0.53671875 0.49296875 0.0359375 0.071875
2 0.6234375 0.36796875 0.025 0.046875
2 0.6 0.53671875 0.03125 0.065625
2 0.58828125 0.34609375 0.0203125 0.04375
2 0.8390625 0.54296875 0.03125 0.0859375
2 0.7796875 0.52578125 0.03125 0.08125
2 0.375 0.34765625 0.0234375 0.0515625
2 0.4125 0.31796875 0.0203125 0.04375
2 0.49375 0.34296875 0.0203125 0.05
2 0.44296875 0.32578125 0.0203125 0.0484375
2 0.296875 0.34453125 0.021875 0.05
2 0.21171875 0.54921875 0.0328125 0.09375
2 0.2171875 0.5125 0.021875 0.06875
2 0.5 0.32578125 0.015625 0.034375