2 0.69375 0.65546875 0.0328125 0.0890625
2 0.6875 0.52421875 0.03125 0.06796875
2 0.71875 0.74296875 0.03671875 0.09453125
2 0.71640625 0.51171875 0.028125 0.08203125
2 0.5921875 0.33828125 0.02109375 0.05703125
2 0.8609375 0.30546875 0.0203125 0.0609375
2 0.8390625 0.3078125 0.02109375 0.0625
2 0.54375 0.26796875 0.0171875 0.05546875
2 0.7625 0.246875 0.01796875 0.0484375
2 0.6734375 0.253125 0.01796875 0.046875
2 0.5609375 0.26640625 0.0125 0.05625
2 0.56875 0.29609375 0.0171875 0.05546875
2 0.575 0.27109375 0.0109375 0.03203125
2 0.5765625 0.31953125 0.0234375 0.05390625
0 0.54375 0.29296875 0.00703125 0.01328125