2 0.52109375 0.3046875 0.0234375 0.04375
2 0.5984375 0.421875 0.03125 0.0765625
2 0.77890625 0.340625 0.0359375 0.071875
2 0.53671875 0.4046875 0.0265625 0.078125
2 0.47421875 0.375 0.03125 0.06875
2 0.528125 0.51328125 0.0390625 0.0875
2 0.39375 0.43515625 0.040625 0.08125
2 0.321875 0.4 0.0265625 0.065625
2 0.2984375 0.41640625 0.0265625 0.065625
2 0.3015625 0.3390625 0.021875 0.046875
2 0.34296875 0.440625 0.025 0.0703125
2 0.35078125 0.47265625 0.034375 0.075
2 0.24765625 0.5390625 0.0421875 0.1
2 0.259375 0.384375 0.021875 0.0515625