2 0.64921875 0.584375 0.0609375 0.109375
2 0.87734375 0.5984375 0.0703125 0.1265625
2 0.80390625 0.58515625 0.0609375 0.109375
2 0.6984375 0.3703125 0.0375 0.059375
2 0.83046875 0.80625 0.0796875 0.140625
2 0.440625 0.41015625 0.0375 0.065625
2 0.3703125 0.32890625 0.028125 0.046875
2 0.603125 0.30234375 0.0296875 0.0484375
2 0.4171875 0.3578125 0.03125 0.05625
2 0.5234375 0.265625 0.021875 0.0390625
2 0.48671875 0.3671875 0.03125 0.053125
2 0.55546875 0.2625 0.0234375 0.05
2 0.56171875 0.25703125 0.0203125 0.0390625
2 0.4078125 0.32734375 0.0265625 0.0515625
0 0.57734375 0.1921875 0.0109375 0.015625