2 0.7375 0.44453125 0.0171875 0.06328125
2 0.52109375 0.41015625 0.01640625 0.05859375
2 0.3921875 0.403125 0.01640625 0.059375
2 0.18515625 0.5171875 0.03203125 0.084375
2 0.35234375 0.6296875 0.025 0.09765625
2 0.421875 0.60703125 0.02421875 0.09296875
2 0.421875 0.76328125 0.02421875 0.11484375
2 0.5640625 0.5296875 0.025 0.0765625
2 0.70078125 0.56640625 0.01953125 0.08203125
2 0.721875 0.62109375 0.034375 0.078125
2 0.70078125 0.7546875 0.03125 0.10234375
2 0.5046875 0.7890625 0.0296875 0.10546875
2 0.43359375 0.95859375 0.0390625 0.0828125
2 0.115625 0.9234375 0.04765625 0.1421875