2 0.359375 0.6171875 0.034375 0.0640625
2 0.31953125 0.41328125 0.021875 0.04375
2 0.55703125 0.521875 0.0296875 0.0625
2 0.42109375 0.4625 0.028125 0.0546875
2 0.790625 0.596875 0.0375 0.06875
2 0.33671875 0.41171875 0.0234375 0.046875
2 0.4859375 0.428125 0.0296875 0.0484375
2 0.5328125 0.55703125 0.028125 0.065625
2 0.7546875 0.5484375 0.0328125 0.078125
2 0.625 0.44375 0.01875 0.059375
2 0.53125 0.3828125 0.015625 0.046875
2 0.63515625 0.4375 0.01875 0.0625
2 0.521875 0.3828125 0.01875 0.046875