2 0.4984375 0.3609375 0.015625 0.0328125
2 0.440625 0.38515625 0.0171875 0.0390625
2 0.43671875 0.44453125 0.0203125 0.04375
2 0.4203125 0.35703125 0.0171875 0.0328125
2 0.559375 0.36484375 0.0125 0.0390625
2 0.56796875 0.37734375 0.0140625 0.0375
2 0.5765625 0.48359375 0.01875 0.046875
2 0.58046875 0.4546875 0.0125 0.034375
2 0.59765625 0.4421875 0.0203125 0.04375
2 0.5953125 0.39140625 0.015625 0.0390625
2 0.57734375 0.4359375 0.015625 0.0375
2 0.575 0.4265625 0.0109375 0.0296875
2 0.515625 0.3296875 0.0125 0.03125
2 0.565625 0.43203125 0.0171875 0.04375
0 0.59140625 0.36015625 0.0078125 0.0140625