2 0.22109375 0.59765625 0.0453125 0.0953125
2 0.375 0.41328125 0.0375 0.0703125
2 0.2625 0.578125 0.0484375 0.1046875
2 0.565625 0.6390625 0.04375 0.09375
2 0.5890625 0.46328125 0.03125 0.0828125
2 0.56015625 0.42265625 0.0265625 0.0640625
2 0.484375 0.4203125 0.0265625 0.0640625
2 0.48046875 0.46328125 0.021875 0.0953125
2 0.5453125 0.70546875 0.05625 0.1359375
2 0.39609375 0.68046875 0.0515625 0.125
2 0.390625 0.73125 0.05625 0.134375
0 0.3765625 0.67578125 0.015625 0.0328125
2 0.39296875 0.39609375 0.028125 0.0703125
2 0.60078125 0.30546875 0.0265625 0.0671875
2 0.61328125 0.32265625 0.0296875 0.06875