2 0.5859375 0.70234375 0.034375 0.0796875
2 0.521875 0.64765625 0.03125 0.0703125
2 0.384375 0.653125 0.0296875 0.0671875
2 0.67421875 0.66328125 0.03125 0.0796875
2 0.48515625 0.6484375 0.0296875 0.0625
2 0.4203125 0.65 0.03125 0.065625
2 0.4578125 0.6484375 0.028125 0.06875
2 0.47421875 0.31953125 0.0109375 0.028125
2 0.409375 0.32734375 0.009375 0.021875
2 0.46015625 0.31875 0.0109375 0.0234375
2 0.39765625 0.32890625 0.009375 0.025
2 0.4296875 0.32734375 0.009375 0.025
2 0.4453125 0.32578125 0.009375 0.0265625
2 0.50625 0.31875 0.009375 0.021875
0 0.66875 0.6609375 0.0109375 0.015625