2 0.34296875 0.6921875 0.05 0.09375
2 0.321875 0.5625 0.0453125 0.0734375
2 0.33671875 0.7828125 0.05625 0.1
2 0.290625 0.55625 0.0453125 0.0859375
2 0.3765625 0.3609375 0.0328125 0.0609375
2 0.10625 0.384375 0.0328125 0.0640625
2 0.128125 0.3828125 0.034375 0.065625
2 0.40859375 0.28203125 0.028125 0.0578125
2 0.190625 0.30703125 0.028125 0.0515625
2 0.27890625 0.29453125 0.0265625 0.05
2 0.3921875 0.284375 0.0234375 0.0578125
2 0.390625 0.31484375 0.028125 0.0578125
2 0.37890625 0.29140625 0.0171875 0.034375
2 0.3875 0.3390625 0.034375 0.0578125
0 0.4140625 0.30625 0.009375 0.0140625