2 0.6078125 0.47421875 0.05625 0.1140625
2 0.56796875 0.4625 0.0578125 0.1078125
2 0.575 0.37109375 0.0453125 0.0984375
2 0.51171875 0.33515625 0.0421875 0.084375
2 0.49609375 0.265625 0.03125 0.0640625
2 0.50234375 0.22109375 0.0234375 0.0453125
2 0.49453125 0.21875 0.0203125 0.040625
2 0.453125 0.2515625 0.028125 0.0671875
2 0.45234375 0.39453125 0.040625 0.0953125
2 0.44453125 0.37109375 0.0375 0.0734375
2 0.24921875 0.3109375 0.0421875 0.0890625
2 0.225 0.32421875 0.0625 0.096875
2 0.0796875 0.384375 0.075 0.1109375
0 0.09921875 0.2578125 0.025 0.025