2 0.32265625 0.58515625 0.03125 0.0734375
2 0.3984375 0.60703125 0.03203125 0.08046875
2 0.65 0.31171875 0.01796875 0.04296875
2 0.6703125 0.33671875 0.02109375 0.0484375
2 0.5671875 0.35546875 0.02109375 0.05
2 0.60703125 0.403125 0.0265625 0.0515625
2 0.64921875 0.48359375 0.025 0.06640625
2 0.4875 0.52421875 0.02578125 0.065625
2 0.553125 0.509375 0.0296875 0.059375
2 0.6171875 0.490625 0.028125 0.053125
2 0.3375 0.315625 0.02265625 0.0390625
2 0.253125 0.33203125 0.02109375 0.05
2 0.57578125 0.5078125 0.01171875 0.06328125
2 0.58828125 0.52109375 0.02109375 0.0703125