2 0.45703125 0.35859375 0.0296875 0.0640625
2 0.46875 0.66484375 0.03671875 0.1015625
2 0.5140625 0.571875 0.0328125 0.090625
2 0.20546875 0.2765625 0.025 0.0640625
2 0.428125 0.440625 0.03046875 0.0765625
2 0.8359375 0.71015625 0.03984375 0.09609375
2 0.59140625 0.25703125 0.0203125 0.04453125
2 0.5578125 0.221875 0.01875 0.04296875
2 0.55 0.63046875 0.03046875 0.08359375
2 0.63203125 0.77421875 0.0359375 0.1265625
2 0.753125 0.31171875 0.02421875 0.05703125
2 0.17890625 0.28671875 0.0265625 0.065625
2 0.9109375 0.86484375 0.04296875 0.140625
0 0.4015625 0.48671875 0.01484375 0.01796875
2 0.7328125 0.3046875 0.02109375 0.06328125