2 0.28671875 0.62734375 0.0453125 0.0921875
2 0.3109375 0.49765625 0.040625 0.071875
2 0.24921875 0.71015625 0.05 0.0984375
2 0.284375 0.48125 0.0390625 0.084375
2 0.43125 0.32734375 0.028125 0.059375
2 0.16953125 0.25703125 0.028125 0.0625
2 0.190625 0.2625 0.0296875 0.0640625
2 0.4890625 0.2640625 0.025 0.0578125
2 0.275 0.2125 0.025 0.05
2 0.3625 0.23125 0.025 0.0484375
2 0.471875 0.26015625 0.0203125 0.0578125
2 0.46015625 0.28828125 0.025 0.0578125
2 0.4578125 0.2625 0.015625 0.0328125
2 0.44921875 0.3109375 0.03125 0.05625
0 0.48515625 0.2890625 0.009375 0.0140625