2 0.68203125 0.4953125 0.0328125 0.0875
2 0.2578125 0.328125 0.02734375 0.06640625
2 0.7515625 0.90390625 0.04609375 0.11953125
2 0.12890625 0.42734375 0.03125 0.08203125
2 0.215625 0.71796875 0.0421875 0.128125
2 0.8046875 0.48671875 0.03046875 0.09296875
2 0.3953125 0.46796875 0.03046875 0.06953125
2 0.4046875 0.40703125 0.0265625 0.0609375
2 0.4546875 0.27421875 0.0203125 0.059375
2 0.475 0.30703125 0.01953125 0.05546875
2 0.8234375 0.56171875 0.03515625 0.0859375
2 0.828125 0.5125 0.02265625 0.04375
0 0.3875 0.4546875 0.0109375 0.01796875