2 0.46171875 0.30703125 0.0203125 0.04375
2 0.39453125 0.43046875 0.025 0.075
2 0.20859375 0.365625 0.03125 0.0703125
2 0.45546875 0.40859375 0.0203125 0.078125
2 0.51484375 0.3734375 0.025 0.0671875
2 0.4734375 0.515625 0.0328125 0.0859375
2 0.60078125 0.4265625 0.034375 0.0796875
2 0.66875 0.384375 0.021875 0.065625
2 0.69375 0.39921875 0.021875 0.0640625
2 0.68359375 0.32265625 0.0171875 0.0453125
2 0.6515625 0.42734375 0.01875 0.0703125
2 0.64609375 0.459375 0.028125 0.075
2 0.7546875 0.5171875 0.0328125 0.1
2 0.7296875 0.3640625 0.01875 0.05