2 0.20703125 0.646875 0.0375 0.109375
2 0.49453125 0.5140625 0.034375 0.090625
2 0.8203125 0.28046875 0.028125 0.0625
2 0.7828125 0.28203125 0.0328125 0.06875
2 0.4546875 0.46015625 0.0328125 0.0859375
2 0.34140625 0.35 0.021875 0.059375
2 0.14375 0.66171875 0.0484375 0.103125
2 0.60234375 0.20703125 0.0203125 0.0453125
2 0.58359375 0.20234375 0.01875 0.04375
2 0.2609375 0.278125 0.025 0.0515625
2 0.3484375 0.43515625 0.0140625 0.0828125
2 0.33671875 0.446875 0.021875 0.0796875
2 0.2390625 0.28046875 0.0203125 0.0578125
2 0.3421875 0.31171875 0.0171875 0.0390625
0 0.33359375 0.41640625 0.009375 0.015625