2 0.5421875 0.52734375 0.0296875 0.05
2 0.57109375 0.3546875 0.0171875 0.0234375
2 0.6171875 0.35625 0.0109375 0.0234375
2 0.5390625 0.3390625 0.01875 0.028125
2 0.490625 0.3421875 0.015625 0.028125
2 0.4203125 0.50625 0.0328125 0.0515625
2 0.47734375 0.4921875 0.028125 0.05625
2 0.51171875 0.484375 0.0234375 0.046875
2 0.45625 0.334375 0.0171875 0.028125
2 0.478125 0.33515625 0.015625 0.0234375
2 0.5484375 0.475 0.01875 0.04375
2 0.53515625 0.48671875 0.0265625 0.053125
2 0.49375 0.49140625 0.0234375 0.05625
2 0.6125 0.3640625 0.0140625 0.0296875
0 0.3984375 0.3109375 0.00625 0.009375