2 0.640625 0.42734375 0.0234375 0.06875
2 0.41171875 0.35234375 0.0203125 0.053125
2 0.49296875 0.44765625 0.0234375 0.065625
2 0.8421875 0.5640625 0.0359375 0.096875
2 0.31640625 0.696875 0.0390625 0.1234375
2 0.5328125 0.4 0.0234375 0.059375
2 0.7703125 0.43125 0.021875 0.0609375
2 0.89765625 0.57109375 0.0390625 0.10625
2 0.38984375 0.4125 0.021875 0.0703125
2 0.67890625 0.5703125 0.0296875 0.090625
2 0.70625 0.56875 0.0265625 0.084375
2 0.28984375 0.6375 0.0296875 0.115625
0 0.53203125 0.4109375 0.0046875 0.0140625