2 0.61875 0.465625 0.03125 0.0671875
2 0.60078125 0.45390625 0.0265625 0.040625
2 0.8765625 0.63359375 0.0484375 0.078125
2 0.44609375 0.51953125 0.03125 0.05
2 0.44609375 0.70078125 0.0390625 0.075
2 0.65703125 0.41171875 0.028125 0.05
2 0.8546875 0.50703125 0.0453125 0.0765625
2 0.6015625 0.3984375 0.0265625 0.046875
2 0.36015625 0.47890625 0.028125 0.04375
2 0.915625 0.60625 0.040625 0.08125
2 0.70234375 0.4828125 0.034375 0.0625
2 0.9796875 0.52109375 0.040625 0.0921875
2 0.42578125 0.65546875 0.0375 0.071875
2 0.69140625 0.47421875 0.0234375 0.0625
0 0.70078125 0.47578125 0.0109375 0.0171875