2 0.903125 0.41875 0.0234375 0.07578125
2 0.88203125 0.44765625 0.03203125 0.07421875
2 0.5875 0.56171875 0.028125 0.071875
2 0.52890625 0.5984375 0.01953125 0.0859375
2 0.48359375 0.6109375 0.03203125 0.07109375
2 0.4953125 0.53359375 0.0265625 0.078125
2 0.2546875 0.45078125 0.02421875 0.06875
2 0.28203125 0.44609375 0.02109375 0.0875
2 0.3828125 0.43125 0.0265625 0.078125
2 0.38046875 0.39375 0.02265625 0.07265625
2 0.59375 0.3765625 0.021875 0.07265625
2 0.615625 0.3515625 0.0203125 0.06015625
2 0.62421875 0.30390625 0.0171875 0.0484375
2 0.625 0.29765625 0.01171875 0.0484375
0 0.26015625 0.44453125 0.009375 0.01640625