2 0.6265625 0.53359375 0.03515625 0.0859375
2 0.3765625 0.403125 0.02890625 0.0625
2 0.3078125 0.24921875 0.0234375 0.059375
2 0.55 0.31015625 0.02890625 0.05390625
2 0.61171875 0.61640625 0.0390625 0.09140625
2 0.4140625 0.24296875 0.021875 0.05
2 0.275 0.24921875 0.02421875 0.05390625
2 0.4 0.44296875 0.03125 0.075
2 0.6328125 0.28671875 0.0234375 0.065625
2 0.484375 0.33046875 0.028125 0.05859375
2 0.7125 0.27890625 0.02109375 0.05546875
2 0.4765625 0.44453125 0.028125 0.078125
2 0.41484375 0.21640625 0.01953125 0.0421875
2 0.55859375 0.29609375 0.01484375 0.071875
0 0.48671875 0.31953125 0.01015625 0.01484375