2 0.5734375 0.628125 0.0453125 0.1
2 0.36484375 0.40703125 0.0328125 0.075
2 0.1609375 0.5578125 0.04375 0.0875
2 0.68828125 0.38203125 0.0296875 0.0859375
2 0.678125 0.3296875 0.0296875 0.0671875
2 0.4578125 0.38125 0.0359375 0.06875
2 0.46953125 0.646875 0.046875 0.1046875
2 0.3625 0.33359375 0.03125 0.0609375
2 0.4296875 0.334375 0.03125 0.0640625
2 0.08828125 0.52734375 0.0453125 0.0875
2 0.4546875 0.575 0.0375 0.1046875
2 0.59296875 0.68828125 0.0421875 0.125
0 0.434375 0.33984375 0.009375 0.015625