2 0.63046875 0.43046875 0.034375 0.0734375
2 0.5875 0.2921875 0.01875 0.0578125
2 0.55859375 0.31328125 0.0234375 0.071875
2 0.5234375 0.43515625 0.0296875 0.065625
2 0.58828125 0.50625 0.0296875 0.0765625
2 0.559375 0.52265625 0.04375 0.078125
0 0.5796875 0.4875 0.0109375 0.0109375
2 0.22890625 0.4859375 0.04375 0.08125
2 0.13515625 0.5 0.0421875 0.0859375
2 0.203125 0.215625 0.0234375 0.0546875
2 0.2625 0.20703125 0.028125 0.05
2 0.2078125 0.28203125 0.028125 0.053125
2 0.20234375 0.278125 0.028125 0.053125
2 0.1734375 0.77734375 0.06875 0.0890625
2 0.021875 0.7453125 0.04375 0.1