2 0.8109375 0.28671875 0.021875 0.0578125
2 0.13359375 0.74921875 0.04375 0.096875
2 0.7421875 0.4203125 0.0328125 0.046875
2 0.5375 0.284375 0.0203125 0.0453125
2 0.1984375 0.8546875 0.0484375 0.1046875
2 0.7859375 0.3796875 0.034375 0.05625
2 0.63203125 0.42421875 0.0296875 0.059375
2 0.56328125 0.37421875 0.0234375 0.046875
2 0.76328125 0.29375 0.0203125 0.0546875
2 0.49609375 0.25546875 0.0171875 0.046875
2 0.43046875 0.290625 0.01875 0.053125
2 0.790625 0.453125 0.0296875 0.0453125
2 0.44375 0.28828125 0.0171875 0.0640625
2 0.7953125 0.35703125 0.0109375 0.0203125