2 0.5390625 0.42421875 0.0265625 0.05390625
2 0.38125 0.53203125 0.03203125 0.05546875
2 0.6421875 0.38828125 0.02578125 0.05703125
2 0.41875 0.3953125 0.025 0.059375
2 0.6078125 0.34296875 0.02265625 0.05546875
2 0.6515625 0.31015625 0.01796875 0.04296875
2 0.6765625 0.33046875 0.01953125 0.05
2 0.434375 0.32421875 0.01484375 0.059375
2 0.4953125 0.33046875 0.0125 0.05078125
2 0.49921875 0.29453125 0.01328125 0.04375
2 0.46171875 0.32890625 0.0125 0.0578125
2 0.47421875 0.34140625 0.0171875 0.05859375
2 0.45078125 0.31875 0.01640625 0.04453125
2 0.44375 0.3 0.009375 0.03984375
0 0.371875 0.55234375 0.01171875 0.021875