2 0.75078125 0.48515625 0.028125 0.0671875
2 0.67109375 0.34453125 0.0234375 0.05625
2 0.72890625 0.44375 0.0265625 0.0671875
2 0.478125 0.52109375 0.0296875 0.0703125
2 0.73359375 0.26875 0.0234375 0.046875
2 0.76015625 0.27109375 0.0203125 0.0421875
2 0.48515625 0.23671875 0.0234375 0.040625
2 0.66171875 0.33046875 0.0140625 0.040625
2 0.6484375 0.328125 0.0171875 0.05625
2 0.63671875 0.33359375 0.0234375 0.05
2 0.490625 0.35234375 0.0234375 0.0453125
2 0.4765625 0.3390625 0.0203125 0.05
2 0.49140625 0.50703125 0.0234375 0.06875