2 0.95625 0.48828125 0.04453125 0.0984375
2 0.9359375 0.40078125 0.03828125 0.08203125
2 0.2484375 0.565625 0.04140625 0.0875
2 0.76484375 0.95859375 0.0734375 0.08046875
2 0.3796875 0.44296875 0.0328125 0.0859375
2 0.47265625 0.91171875 0.0625 0.1734375
2 0.4109375 0.36953125 0.0359375 0.078125
2 0.7640625 0.3484375 0.02109375 0.0890625
2 0.778125 0.35703125 0.0234375 0.0734375
2 0.3953125 0.35078125 0.025 0.08203125
0 0.33671875 0.57109375 0.01640625 0.01875
2 0.42265625 0.82265625 0.071875 0.19296875