2 0.40078125 0.45078125 0.0328125 0.109375
2 0.4421875 0.4484375 0.0359375 0.103125
2 0.45625 0.3578125 0.025 0.0953125
2 0.52578125 0.33671875 0.025 0.08125
2 0.55625 0.27265625 0.0171875 0.0625
2 0.56015625 0.22734375 0.0125 0.04375
2 0.56875 0.22734375 0.0125 0.0375
2 0.6015625 0.26875 0.0125 0.065625
2 0.5703125 0.4078125 0.01875 0.09375
2 0.5828125 0.38671875 0.021875 0.071875
2 0.78671875 0.371875 0.025 0.084375
2 0.8078125 0.390625 0.04375 0.090625
2 0.93515625 0.48203125 0.053125 0.1015625
0 0.9453125 0.35390625 0.0203125 0.021875