2 0.52578125 0.76953125 0.0328125 0.10546875
2 0.5546875 0.503125 0.0296875 0.06953125
2 0.63046875 0.48828125 0.025 0.059375
2 0.3328125 0.334375 0.021875 0.0625
2 0.5640625 0.77578125 0.03359375 0.10390625
2 0.265625 0.65390625 0.034375 0.08515625
2 0.26484375 0.61875 0.02734375 0.07578125
2 0.4484375 0.32578125 0.01484375 0.0453125
2 0.4234375 0.35546875 0.02265625 0.05546875
2 0.42734375 0.3421875 0.0125 0.046875
2 0.46171875 0.3390625 0.0203125 0.04453125
2 0.334375 0.30859375 0.01171875 0.03359375