2 0.54375 0.52734375 0.025 0.0625
2 0.50703125 0.50546875 0.0265625 0.071875
2 0.28828125 0.61328125 0.03125 0.0875
2 0.45390625 0.271875 0.015625 0.04296875
2 0.3265625 0.51796875 0.028125 0.078125
2 0.521875 0.31796875 0.025 0.046875
2 0.21875 0.35546875 0.025 0.046875
2 0.25625 0.39140625 0.03125 0.05859375
2 0.0828125 0.50390625 0.03046875 0.08359375
2 0.46484375 0.2984375 0.0109375 0.04765625
2 0.46796875 0.25703125 0.01484375 0.04609375
2 0.50625 0.31015625 0.0171875 0.04921875
2 0.47421875 0.30078125 0.01171875 0.05078125