2 0.44453125 0.3625 0.0359375 0.065625
2 0.48359375 0.6671875 0.0453125 0.1046875
2 0.5203125 0.5703125 0.040625 0.09375
2 0.1875 0.303125 0.03125 0.065625
2 0.4234375 0.446875 0.0375 0.0796875
2 0.853125 0.6796875 0.0484375 0.0984375
2 0.56953125 0.25 0.0234375 0.046875
2 0.53359375 0.21796875 0.021875 0.04375
2 0.5609375 0.62578125 0.0375 0.0859375
2 0.65546875 0.76171875 0.046875 0.1296875
2 0.7359375 0.290625 0.0296875 0.059375
2 0.16171875 0.315625 0.0328125 0.0671875
2 0.94140625 0.82734375 0.0546875 0.14375
0 0.40078125 0.4953125 0.015625 0.01875
2 0.71484375 0.28515625 0.0265625 0.065625