2 0.5796875 0.703125 0.0421875 0.0875
2 0.68203125 0.5109375 0.040625 0.08125
2 0.715625 0.7671875 0.05625 0.084375
2 0.7546875 0.44296875 0.0328125 0.059375
2 0.53203125 0.565625 0.0375 0.0796875
2 0.515625 0.91328125 0.0453125 0.0828125
2 0.60703125 0.5625 0.0484375 0.0875
2 0.62421875 0.5234375 0.0390625 0.0703125
2 0.80625 0.465625 0.034375 0.0640625
2 0.4515625 0.434375 0.0484375 0.0828125
2 0.45 0.39375 0.0359375 0.0625
2 0.57734375 0.78125 0.04375 0.0671875
0 0.88984375 0.59921875 0.01875 0.025
2 0.69453125 0.50859375 0.0296875 0.075