2 0.5 0.28828125 0.009375 0.028125
2 0.4953125 0.29453125 0.009375 0.03671875
2 0.48046875 0.30078125 0.0125 0.034375
2 0.46875 0.3078125 0.01015625 0.03515625
2 0.45546875 0.2953125 0.0109375 0.028125
2 0.5203125 0.31171875 0.0125 0.03671875
2 0.54453125 0.30078125 0.0125 0.04140625
2 0.37734375 0.528125 0.0140625 0.0609375
2 0.42421875 0.46484375 0.015625 0.06171875
2 0.43671875 0.525 0.025 0.06796875
2 0.55 0.4421875 0.0140625 0.059375
2 0.53515625 0.459375 0.015625 0.0546875
2 0.68671875 0.4375 0.02265625 0.03671875
2 0.6515625 0.47265625 0.01953125 0.06171875
0 0.68046875 0.44296875 0.0078125 0.01171875