2 0.4140625 0.328125 0.03125 0.05
2 0.7375 0.25703125 0.0296875 0.046875
2 0.69140625 0.43125 0.0359375 0.0609375
2 0.44921875 0.31484375 0.0328125 0.0484375
2 0.465625 0.46640625 0.0328125 0.05
2 0.39140625 0.4375 0.0328125 0.0453125
2 0.72109375 0.45234375 0.046875 0.0734375
2 0.66875 0.26484375 0.03125 0.04375
2 0.565625 0.2875 0.0328125 0.05
2 0.5171875 0.30859375 0.028125 0.046875
2 0.48125 0.2984375 0.0328125 0.0578125
2 0.2515625 0.5734375 0.03125 0.0671875
2 0.2671875 0.575 0.025 0.0671875
2 0.5796875 0.2921875 0.025 0.046875