2 0.140625 0.46796875 0.01640625 0.04453125
2 0.2390625 0.409375 0.01484375 0.0390625
2 0.6796875 0.36328125 0.015625 0.034375
2 0.71875 0.36953125 0.0140625 0.03046875
2 0.75390625 0.4390625 0.015625 0.0390625
2 0.21953125 0.41015625 0.0171875 0.040625
2 0.18125 0.39765625 0.0140625 0.04296875
2 0.125 0.43203125 0.01484375 0.04453125
2 0.73203125 0.40546875 0.01015625 0.03671875
2 0.2 0.39296875 0.0125 0.03984375
2 0.19921875 0.35234375 0.0109375 0.0390625
2 0.75546875 0.4671875 0.0109375 0.04375
2 0.73984375 0.41875 0.01015625 0.0390625
2 0.72890625 0.3890625 0.00859375 0.0328125