2 0.7640625 0.73828125 0.05 0.11875
2 0.70703125 0.37421875 0.0375 0.075
2 0.7046875 0.35859375 0.025 0.0625
2 0.5671875 0.3640625 0.0296875 0.06875
2 0.58125 0.4171875 0.0359375 0.0734375
2 0.62890625 0.31875 0.0296875 0.065625
2 0.44375 0.778125 0.040625 0.0859375
2 0.21796875 0.71171875 0.0546875 0.1046875
2 0.65625 0.3453125 0.034375 0.06875
2 0.48984375 0.76171875 0.0453125 0.0953125
2 0.7859375 0.7953125 0.0484375 0.1359375
0 0.70625 0.3515625 0.0078125 0.0140625
2 0.271875 0.74140625 0.0640625 0.140625