2 0.3421875 0.359375 0.025 0.0484375
2 0.2859375 0.384375 0.0296875 0.065625
2 0.41875 0.42109375 0.0265625 0.0609375
2 0.48359375 0.41171875 0.03125 0.0625
2 0.55859375 0.4421875 0.03125 0.0546875
2 0.5625 0.42265625 0.0234375 0.0484375
2 0.7109375 0.43828125 0.0203125 0.0515625
2 0.76953125 0.484375 0.028125 0.05625
2 0.4578125 0.54375 0.034375 0.0703125
2 0.390625 0.5796875 0.05 0.0890625
2 0.584375 0.6328125 0.0359375 0.0859375
2 0.59765625 0.63828125 0.040625 0.08125
2 0.725 0.65625 0.040625 0.0984375
2 0.76484375 0.72890625 0.0390625 0.096875
0 0.61796875 0.59609375 0.0125 0.015625