2 0.54609375 0.5203125 0.0234375 0.0484375
2 0.546875 0.3453125 0.0140625 0.021875
2 0.59375 0.33984375 0.0078125 0.0234375
2 0.51328125 0.33515625 0.015625 0.025
2 0.465625 0.3453125 0.0125 0.0265625
2 0.42265625 0.51875 0.025 0.05
2 0.4765625 0.4953125 0.0203125 0.0546875
2 0.50859375 0.4828125 0.0171875 0.0453125
2 0.43046875 0.34296875 0.0140625 0.0265625
2 0.453125 0.340625 0.0125 0.021875
2 0.54375 0.46796875 0.0125 0.0421875
2 0.53203125 0.48125 0.01875 0.053125
2 0.4921875 0.4921875 0.015625 0.0546875
2 0.58984375 0.3484375 0.009375 0.0296875
0 0.36953125 0.32890625 0.0046875 0.009375