2 0.26171875 0.62890625 0.03125 0.08125
2 0.725 0.6046875 0.0421875 0.0765625
2 0.37421875 0.3265625 0.0140625 0.0484375
2 0.978125 0.43515625 0.034375 0.059375
2 0.30390625 0.4671875 0.0265625 0.0703125
2 0.928125 0.4453125 0.0359375 0.0578125
2 0.66328125 0.321875 0.021875 0.0484375
2 0.29453125 0.64140625 0.0375 0.0875
2 0.9359375 0.3390625 0.0296875 0.05
2 0.3765625 0.44296875 0.0296875 0.0609375
2 0.9578125 0.3078125 0.021875 0.0515625
2 0.640625 0.31015625 0.0203125 0.0484375
2 0.70703125 0.57265625 0.0296875 0.0875
0 0.81171875 0.25703125 0.015625 0.0171875
2 0.3875 0.340625 0.0234375 0.0515625