2 0.4796875 0.490625 0.01953125 0.053125
2 0.67421875 0.58359375 0.0234375 0.06640625
2 0.584375 0.62578125 0.03046875 0.06796875
2 0.4484375 0.64921875 0.0296875 0.05703125
2 0.55703125 0.54140625 0.0234375 0.05859375
2 0.60234375 0.55703125 0.025 0.06640625
2 0.37890625 0.515625 0.01875 0.0515625
2 0.4171875 0.62265625 0.02421875 0.05703125
2 0.45546875 0.4265625 0.015625 0.06015625
2 0.46796875 0.4328125 0.0203125 0.0515625
2 0.521875 0.4296875 0.0171875 0.0375
2 0.49921875 0.49921875 0.01875 0.04609375
2 0.53828125 0.4453125 0.02265625 0.04453125
2 0.3875 0.49921875 0.01328125 0.05390625