2 0.3453125 0.6078125 0.06875 0.109375
2 0.35625 0.87421875 0.065625 0.134375
2 0.54375 0.3515625 0.04375 0.0671875
2 0.49140625 0.3 0.040625 0.0609375
2 0.80078125 0.89765625 0.06875 0.1234375
2 0.64453125 0.3578125 0.0390625 0.046875
2 0.8578125 0.84609375 0.06875 0.11875
2 0.60234375 0.9578125 0.0671875 0.084375
2 0.7046875 0.378125 0.0421875 0.0609375
2 0.71796875 0.3625 0.028125 0.0453125
2 0.42578125 0.55 0.0703125 0.09375
2 0.4171875 0.82421875 0.0609375 0.1
2 0.653125 0.37890625 0.040625 0.0609375