2 0.4625 0.53515625 0.0359375 0.065625
2 0.49453125 0.50703125 0.0390625 0.075
2 0.7296875 0.57109375 0.046875 0.0921875
2 0.5015625 0.2671875 0.0234375 0.0453125
2 0.6734375 0.484375 0.0421875 0.0828125
2 0.44375 0.32578125 0.0328125 0.0515625
2 0.7484375 0.3046875 0.0328125 0.0515625
2 0.71875 0.346875 0.0421875 0.0640625
2 0.91015625 0.42421875 0.0453125 0.0875
2 0.49609375 0.2953125 0.0203125 0.0484375
2 0.48515625 0.25546875 0.0234375 0.0484375
2 0.4578125 0.31484375 0.0265625 0.0515625
2 0.4875 0.29921875 0.021875 0.0515625