2 0.22578125 0.55390625 0.0421875 0.084375
2 0.06796875 0.65078125 0.0453125 0.0625
2 0.17421875 0.47421875 0.0484375 0.06875
2 0.1875 0.61875 0.0421875 0.0953125
2 0.015625 0.89765625 0.03125 0.1015625
2 0.5328125 0.603125 0.040625 0.0796875
2 0.56328125 0.42421875 0.0234375 0.059375
2 0.175 0.36171875 0.0296875 0.0546875
2 0.4875 0.57578125 0.0375 0.075
2 0.06015625 0.59296875 0.0421875 0.071875
2 0.54453125 0.4203125 0.025 0.0734375
0 0.55703125 0.40703125 0.009375 0.015625
2 0.18984375 0.3609375 0.0296875 0.0625
2 0.16015625 0.45078125 0.0265625 0.065625
2 0.01796875 0.82578125 0.0359375 0.1078125