2 0.77890625 0.671875 0.0390625 0.1109375
2 0.50390625 0.5140625 0.0359375 0.090625
2 0.2 0.253125 0.0296875 0.0625
2 0.2375 0.25859375 0.034375 0.06875
2 0.5484375 0.4640625 0.034375 0.0859375
2 0.67109375 0.3640625 0.021875 0.059375
2 0.840625 0.6921875 0.05 0.103125
2 0.4234375 0.19921875 0.0203125 0.0453125
2 0.4421875 0.19609375 0.01875 0.04375
2 0.7578125 0.3 0.025 0.053125
2 0.65703125 0.4484375 0.015625 0.0828125
2 0.6671875 0.4609375 0.0234375 0.0796875
2 0.7796875 0.30390625 0.0203125 0.0578125
2 0.6734375 0.32578125 0.01875 0.0390625
0 0.6734375 0.43125 0.009375 0.015625