2 0.6984375 0.61015625 0.03046875 0.08203125
2 0.35390625 0.478125 0.0296875 0.0609375
2 0.46484375 0.73515625 0.0359375 0.084375
2 0.3796875 0.7765625 0.03359375 0.075
2 0.35625 0.70234375 0.03125 0.0765625
2 0.1171875 0.56640625 0.03984375 0.08046875
2 0.6359375 0.64921875 0.03203125 0.0734375
2 0.625 0.371875 0.02421875 0.0625
2 0.5296875 0.53046875 0.02734375 0.0859375
2 0.4703125 0.31796875 0.02109375 0.05546875
2 0.453125 0.36171875 0.02578125 0.0625
2 0.1875 0.49765625 0.02578125 0.06796875
2 0.671875 0.46875 0.02265625 0.0625
2 0.3578125 0.36953125 0.0203125 0.04453125
0 0.35625 0.3828125 0.0078125 0.01796875