2 0.4890625 0.36171875 0.01328125 0.03203125
2 0.4328125 0.38984375 0.01484375 0.0375
2 0.4328125 0.44921875 0.01796875 0.04296875
2 0.4109375 0.36328125 0.01484375 0.03203125
2 0.55 0.3609375 0.01015625 0.03828125
2 0.559375 0.37265625 0.01171875 0.0375
2 0.575 0.478125 0.01484375 0.04609375
2 0.57734375 0.44921875 0.0109375 0.03359375
2 0.59375 0.43515625 0.0171875 0.04296875
2 0.5875 0.38515625 0.01328125 0.0375
2 0.57265625 0.43046875 0.0125 0.0359375
2 0.56953125 0.421875 0.009375 0.0296875
2 0.50390625 0.32890625 0.0109375 0.03046875
2 0.5609375 0.42734375 0.01484375 0.04296875
0 0.58125 0.35390625 0.00703125 0.01328125