2 0.8046875 0.89921875 0.0609375 0.15390625
2 0.94921875 0.37734375 0.0359375 0.07890625
2 0.40625 0.40546875 0.03203125 0.08359375
2 0.56328125 0.73359375 0.05 0.146875
2 0.340625 0.3640625 0.02109375 0.09140625
2 0.3625 0.37421875 0.02421875 0.08203125
2 0.7015625 0.353125 0.0296875 0.071875
2 0.2296875 0.5421875 0.03984375 0.10234375
2 0.534375 0.659375 0.053125 0.13359375
2 0.6828125 0.346875 0.028125 0.0890625
2 0.9734375 0.42265625 0.03359375 0.08125
0 0.23984375 0.5265625 0.0171875 0.03046875