2 0.71171875 0.71171875 0.046875 0.1
2 0.32421875 0.49375 0.040625 0.0734375
2 0.67265625 0.359375 0.034375 0.046875
2 0.27265625 0.2765625 0.0328125 0.059375
2 0.62265625 0.28671875 0.03125 0.0546875
2 0.45234375 0.4765625 0.0390625 0.0734375
2 0.60078125 0.2671875 0.028125 0.05
2 0.5046875 0.43046875 0.034375 0.0609375
2 0.41796875 0.4640625 0.0359375 0.071875
2 0.7125 0.39140625 0.0359375 0.0546875
2 0.59296875 0.5703125 0.0421875 0.0921875
2 0.23828125 0.28359375 0.034375 0.0640625
2 0.740625 0.76640625 0.046875 0.084375
2 0.5703125 0.5515625 0.0390625 0.0734375
0 0.60234375 0.5703125 0.0171875 0.0234375