2 0.5125 0.778125 0.034375 0.071875
2 0.60390625 0.6234375 0.0265625 0.0828125
2 0.628125 0.334375 0.0203125 0.05625
2 0.5328125 0.3328125 0.01875 0.0453125
2 0.56875 0.57734375 0.0296875 0.0875
2 0.7203125 0.34375 0.0234375 0.0546875
2 0.4578125 0.3109375 0.021875 0.0578125
2 0.6953125 0.75546875 0.0375 0.090625
2 0.515625 0.959375 0.0359375 0.078125
2 0.42421875 0.26875 0.0203125 0.0515625
2 0.51796875 0.29140625 0.0203125 0.05
2 0.415625 0.97421875 0.0390625 0.04375
2 0.48046875 0.3078125 0.021875 0.0515625
0 0.6390625 0.38671875 0.0109375 0.01875