2 0.81328125 0.5578125 0.0515625 0.0890625
2 0.74296875 0.50078125 0.046875 0.0953125
2 0.19765625 0.44453125 0.028125 0.0578125
2 0.5171875 0.56328125 0.0375 0.0734375
2 0.328125 0.5078125 0.0375 0.0796875
2 0.3234375 0.4609375 0.03125 0.0640625
2 0.20625 0.5 0.0359375 0.071875
2 0.43359375 0.55703125 0.0375 0.0734375
2 0.2953125 0.2984375 0.0265625 0.0453125
2 0.303125 0.275 0.0234375 0.046875
2 0.290625 0.51484375 0.028125 0.0796875
2 0.47109375 0.52109375 0.03125 0.0546875
2 0.3078125 0.51640625 0.0375 0.0828125
2 0.4828125 0.57109375 0.0359375 0.08125