2 0.55 0.3609375 0.0328125 0.065625
2 0.52265625 0.66640625 0.0421875 0.103125
2 0.48203125 0.57109375 0.0375 0.0921875
2 0.80546875 0.2921875 0.028125 0.065625
2 0.575 0.44453125 0.034375 0.078125
2 0.15390625 0.6921875 0.0453125 0.0984375
2 0.42109375 0.25234375 0.021875 0.0453125
2 0.45703125 0.21953125 0.0203125 0.04375
2 0.44296875 0.62734375 0.034375 0.084375
2 0.35390625 0.7671875 0.0421875 0.128125
2 0.25703125 0.2984375 0.0265625 0.0578125
2 0.83203125 0.30390625 0.0296875 0.0671875
2 0.0703125 0.84296875 0.05 0.1421875
0 0.59921875 0.4921875 0.015625 0.01875
2 0.27734375 0.29296875 0.025 0.0640625