2 0.37421875 0.5359375 0.0359375 0.0859375
2 0.621875 0.40078125 0.0296875 0.0625
2 0.6875 0.24609375 0.025 0.059375
2 0.446875 0.3109375 0.0296875 0.0546875
2 0.390625 0.61796875 0.040625 0.0921875
2 0.58125 0.24140625 0.0234375 0.05
2 0.7203125 0.2453125 0.025 0.0546875
2 0.59921875 0.44140625 0.0328125 0.075
2 0.36328125 0.2890625 0.025 0.065625
2 0.5125 0.33046875 0.0296875 0.059375
2 0.28359375 0.2828125 0.021875 0.05625
2 0.52265625 0.44375 0.0296875 0.078125
2 0.58046875 0.21484375 0.0203125 0.0421875
2 0.4375 0.296875 0.015625 0.071875
0 0.51015625 0.31953125 0.0109375 0.015625