2 0.68125 0.4234375 0.05 0.1
2 0.56015625 0.4125 0.05 0.075
2 0.53125 0.6375 0.0546875 0.140625
2 0.5875 0.6890625 0.0640625 0.159375
2 0.34140625 0.28515625 0.0265625 0.05625
2 0.2640625 0.36328125 0.0328125 0.0734375
2 0.11328125 0.4515625 0.0375 0.08125
2 0.2859375 0.340625 0.0265625 0.0671875
2 0.45859375 0.38828125 0.0390625 0.08125
2 0.42578125 0.38359375 0.0328125 0.0671875
2 0.3984375 0.28515625 0.0234375 0.053125
2 0.43359375 0.53671875 0.0453125 0.1171875
2 0.42265625 0.5078125 0.0328125 0.0828125