2 0.67734375 0.3203125 0.0296875 0.0640625
2 0.68359375 0.325 0.025 0.0625
2 0.63515625 0.31171875 0.025 0.0671875
2 0.57890625 0.32109375 0.034375 0.053125
2 0.55390625 0.31328125 0.0328125 0.0625
2 0.58203125 0.240625 0.0234375 0.0609375
2 0.546875 0.19140625 0.0171875 0.0515625
2 0.55546875 0.21796875 0.0234375 0.0578125
2 0.453125 0.2390625 0.025 0.059375
2 0.53828125 0.20078125 0.0203125 0.053125
2 0.534375 0.215625 0.0203125 0.053125
2 0.53359375 0.225 0.0296875 0.065625
2 0.521875 0.1890625 0.0203125 0.0578125