2 0.7109375 0.6109375 0.0375 0.1125
2 0.69921875 0.540625 0.0328125 0.0796875
2 0.6 0.55859375 0.03125 0.0765625
2 0.5453125 0.56875 0.034375 0.084375
2 0.47421875 0.5703125 0.0328125 0.0796875
2 0.37734375 0.5921875 0.0328125 0.0875
2 0.353125 0.6015625 0.034375 0.0796875
0 0.709375 0.55234375 0.015625 0.021875
2 0.46875 0.2296875 0.0125 0.025
2 0.45546875 0.23125 0.0109375 0.025
2 0.446875 0.23125 0.0125 0.028125
2 0.440625 0.23359375 0.0109375 0.0265625
2 0.43046875 0.2328125 0.0125 0.0265625
2 0.4203125 0.234375 0.0109375 0.0265625
2 0.40703125 0.2375 0.0109375 0.0265625