2 0.89453125 0.55078125 0.04375 0.0625
2 0.5734375 0.29140625 0.03046875 0.06953125
2 0.94921875 0.67578125 0.0734375 0.0875
2 0.603125 0.27109375 0.0265625 0.0640625
2 0.7921875 0.14921875 0.03203125 0.0484375
2 0.5625 0.20703125 0.02265625 0.06640625
2 0.64765625 0.4328125 0.0421875 0.1
2 0.6375 0.38515625 0.03984375 0.07890625
2 0.734375 0.11484375 0.03046875 0.059375
2 0.6046875 0.19296875 0.01953125 0.05546875
2 0.59140625 0.16171875 0.01796875 0.0765625
2 0.5640625 0.16328125 0.01953125 0.06875