2 0.57421875 0.41484375 0.046875 0.0765625
2 0.49140625 0.8234375 0.0640625 0.1140625
2 0.628125 0.6828125 0.05625 0.1109375
2 0.61953125 0.6421875 0.0484375 0.0796875
2 0.43046875 0.425 0.0375 0.0640625
2 0.2546875 0.40078125 0.0390625 0.059375
2 0.290625 0.365625 0.040625 0.0625
2 0.40859375 0.45390625 0.0453125 0.0703125
2 0.62421875 0.35078125 0.040625 0.0703125
2 0.71875 0.515625 0.0578125 0.09375
2 0.4796875 0.9640625 0.065625 0.071875
2 0.88984375 0.5953125 0.0609375 0.109375
2 0.64296875 0.25703125 0.01875 0.0375
2 0.65390625 0.27734375 0.028125 0.0578125
0 0.409375 0.446875 0.0125 0.0171875