2 0.67421875 0.71484375 0.046875 0.1171875
2 0.296875 0.5359375 0.0453125 0.0921875
2 0.7140625 0.671875 0.0453125 0.1015625
2 0.484375 0.81953125 0.0390625 0.0984375
2 0.3 0.36875 0.0359375 0.0609375
2 0.33828125 0.5265625 0.0421875 0.08125
2 0.3953125 0.64375 0.0390625 0.1078125
2 0.4125 0.53671875 0.0328125 0.0890625
2 0.3453125 0.34453125 0.0265625 0.071875
2 0.3453125 0.309375 0.0234375 0.05
2 0.45546875 0.86640625 0.04375 0.140625
2 0.309375 0.40078125 0.028125 0.0734375
0 0.2984375 0.36953125 0.0125 0.0140625