2 0.55703125 0.52109375 0.0296875 0.06640625
2 0.3625 0.73203125 0.03203125 0.0859375
2 0.5015625 0.45859375 0.028125 0.0640625
2 0.47421875 0.315625 0.0234375 0.053125
2 0.4375 0.72578125 0.03203125 0.09296875
2 0.5828125 0.31796875 0.01875 0.05546875
2 0.409375 0.86640625 0.03359375 0.1109375
2 0.49375 0.28359375 0.02109375 0.04453125
2 0.34921875 0.34765625 0.0203125 0.0515625
2 0.2484375 0.396875 0.02265625 0.0515625
2 0.3671875 0.33828125 0.021875 0.0546875
2 0.57578125 0.29921875 0.01328125 0.0578125
2 0.24296875 0.37421875 0.01484375 0.0296875
2 0.378125 0.90625 0.05625 0.1125