2 0.5453125 0.428125 0.03125 0.05625
2 0.37890625 0.521875 0.0375 0.0578125
2 0.6515625 0.40078125 0.03125 0.059375
2 0.428125 0.38828125 0.0296875 0.0609375
2 0.62109375 0.353125 0.028125 0.0578125
2 0.6671875 0.32421875 0.021875 0.04375
2 0.690625 0.346875 0.0234375 0.0515625
2 0.45 0.31953125 0.0203125 0.0609375
2 0.51015625 0.33046875 0.0171875 0.0515625
2 0.5171875 0.2953125 0.0171875 0.0453125
2 0.4765625 0.3265625 0.0171875 0.059375
2 0.48828125 0.33984375 0.021875 0.059375
2 0.46640625 0.31484375 0.0203125 0.0453125
2 0.46171875 0.29609375 0.0125 0.040625
0 0.36796875 0.540625 0.0140625 0.0234375