2 0.8015625 0.615625 0.0375 0.08359375
2 0.45625 0.61171875 0.02578125 0.08203125
2 0.5125 0.56171875 0.02421875 0.07109375
2 0.228125 0.62265625 0.02578125 0.06796875
2 0.3203125 0.521875 0.0265625 0.065625
2 0.4546875 0.29296875 0.015625 0.03359375
2 0.49296875 0.36796875 0.0203125 0.046875
2 0.66953125 0.36796875 0.01875 0.046875
2 0.4109375 0.29140625 0.01484375 0.03359375
2 0.61796875 0.29453125 0.00859375 0.040625
2 0.81875 0.6296875 0.0328125 0.08125
2 0.65234375 0.37734375 0.0234375 0.0484375
2 0.50859375 0.3875 0.01796875 0.0484375
2 0.625 0.29296875 0.009375 0.0421875