2 0.9078125 0.446875 0.028125 0.0765625
2 0.884375 0.47421875 0.0375 0.0765625
2 0.5828125 0.56796875 0.0328125 0.0734375
2 0.521875 0.6 0.025 0.0875
2 0.47578125 0.609375 0.0375 0.0734375
2 0.49296875 0.5328125 0.03125 0.0796875
2 0.25859375 0.43359375 0.0296875 0.0703125
2 0.2859375 0.43125 0.0265625 0.0890625
2 0.38828125 0.4234375 0.03125 0.0796875
2 0.38828125 0.3859375 0.028125 0.0734375
2 0.60234375 0.38359375 0.0265625 0.0734375
2 0.62578125 0.36015625 0.025 0.0609375
2 0.6375 0.31328125 0.0203125 0.05
2 0.6390625 0.30703125 0.015625 0.0484375
0 0.26484375 0.428125 0.0109375 0.0171875