2 0.31484375 0.671875 0.03125 0.07890625
2 0.7359375 0.48671875 0.02734375 0.05390625
2 0.7046875 0.33515625 0.0203125 0.05703125
2 0.396875 0.4390625 0.01640625 0.0765625
2 0.4203125 0.43671875 0.03046875 0.059375
2 0.74375 0.34296875 0.02109375 0.046875
2 0.43515625 0.3375 0.0171875 0.05
2 0.4125 0.328125 0.01953125 0.046875
2 0.8984375 0.640625 0.03984375 0.078125
2 0.8328125 0.65859375 0.03359375 0.075
2 0.70625 0.49296875 0.03671875 0.0609375
2 0.9171875 0.41015625 0.02734375 0.05703125
2 0.359375 0.64765625 0.02265625 0.0765625
2 0.8765625 0.33671875 0.02109375 0.040625
0 0.403125 0.42734375 0.00625 0.0109375