2 0.71796875 0.59609375 0.0484375 0.1171875
2 0.6828125 0.53828125 0.0515625 0.0953125
2 0.3125 0.5421875 0.046875 0.0828125
2 0.259375 0.496875 0.0375 0.071875
2 0.35 0.48984375 0.0375 0.0640625
2 0.5609375 0.42734375 0.0421875 0.08125
2 0.515625 0.409375 0.0390625 0.065625
2 0.39609375 0.48984375 0.034375 0.0625
2 0.41875 0.696875 0.053125 0.09375
2 0.43046875 0.36953125 0.0265625 0.053125
2 0.60546875 0.31484375 0.028125 0.0546875
2 0.41171875 0.365625 0.028125 0.05
2 0.4203125 0.646875 0.0453125 0.0734375
2 0.5890625 0.3015625 0.0265625 0.05625
0 0.4265625 0.6875 0.015625 0.0234375