2 0.45390625 0.79765625 0.0453125 0.1046875
2 0.66796875 0.78515625 0.046875 0.084375
2 0.78125 0.33515625 0.0375 0.06875
2 0.63515625 0.5703125 0.053125 0.0734375
2 0.22109375 0.465625 0.034375 0.0625
2 0.54609375 0.6390625 0.0375 0.0625
2 0.428125 0.93359375 0.0578125 0.1109375
2 0.80390625 0.71328125 0.05625 0.1015625
2 0.39609375 0.38125 0.03125 0.0640625
2 0.37578125 0.3921875 0.03125 0.06875
2 0.17109375 0.50390625 0.0296875 0.075
2 0.4734375 0.9875 0.053125 0.025
2 0.42265625 0.74453125 0.053125 0.128125
2 0.7578125 0.33359375 0.0375 0.08125