2 0.11875 0.4515625 0.04140625 0.0953125
2 0.1921875 0.43515625 0.0359375 0.0875
2 0.1609375 0.659375 0.08125 0.13125
2 0.13046875 0.740625 0.084375 0.165625
2 0.446875 0.59375 0.06484375 0.1296875
2 0.4671875 0.61875 0.0390625 0.1515625
2 0.69609375 0.72578125 0.05078125 0.1640625
2 0.7984375 0.734375 0.04609375 0.16171875
2 0.5953125 0.3890625 0.0296875 0.09453125
2 0.5203125 0.3625 0.02734375 0.0921875
2 0.36015625 0.3203125 0.01796875 0.08203125
2 0.39921875 0.30625 0.01640625 0.0640625
2 0.40546875 0.275 0.0125 0.05625
2 0.3921875 0.28359375 0.01875 0.0484375
0 0.15703125 0.42890625 0.01484375 0.0140625