2 0.4625 0.36328125 0.03125 0.0890625
2 0.49296875 0.3546875 0.028125 0.078125
2 0.4875 0.30859375 0.0296875 0.0703125
2 0.540625 0.296875 0.0328125 0.06875
2 0.57890625 0.2546875 0.0265625 0.0609375
2 0.58828125 0.36171875 0.03125 0.084375
2 0.60234375 0.34453125 0.025 0.0609375
2 0.62890625 0.228125 0.01875 0.046875
2 0.60234375 0.25859375 0.025 0.0640625
2 0.60546875 0.22265625 0.0140625 0.0375
2 0.73203125 0.32265625 0.028125 0.0671875
2 0.75078125 0.34140625 0.0296875 0.071875
2 0.92421875 0.49765625 0.065625 0.0953125
2 0.9546875 0.54765625 0.090625 0.1140625