2 0.4671875 0.52265625 0.02734375 0.06796875
2 0.2171875 0.31171875 0.02265625 0.04296875
2 0.3125 0.50234375 0.02578125 0.065625
2 0.296875 0.30234375 0.025 0.040625
2 0.54453125 0.33359375 0.0203125 0.0359375
2 0.4765625 0.29921875 0.02265625 0.0515625
2 0.7421875 0.51796875 0.02734375 0.071875
2 0.55546875 0.47421875 0.025 0.05703125
2 0.4421875 0.31328125 0.01953125 0.04609375
2 0.3859375 0.32265625 0.02265625 0.04296875
2 0.409375 0.30390625 0.0203125 0.05
2 0.34296875 0.47421875 0.025 0.059375
2 0.55625 0.3296875 0.01796875 0.0390625
2 0.75859375 0.5171875 0.02421875 0.071875
0 0.76171875 0.49453125 0.0078125 0.01875