2 0.33125 0.59921875 0.0296875 0.06796875
2 0.28203125 0.37734375 0.021875 0.0515625
2 0.66640625 0.60546875 0.0328125 0.06640625
2 0.39765625 0.41484375 0.025 0.0515625
2 0.4265625 0.390625 0.0234375 0.0515625
2 0.4625 0.63671875 0.0296875 0.07109375
2 0.33125 0.34921875 0.0203125 0.05390625
2 0.6203125 0.29140625 0.01796875 0.0359375
2 0.7109375 0.33046875 0.02421875 0.046875
2 0.45078125 0.57265625 0.0265625 0.065625
2 0.35078125 0.28203125 0.0234375 0.04453125
2 0.703125 0.60390625 0.02421875 0.06953125
2 0.29765625 0.7140625 0.02578125 0.08515625
2 0.35625 0.27578125 0.01640625 0.04375