2 0.7421875 0.42890625 0.0296875 0.0609375
2 0.465625 0.5640625 0.034375 0.071875
2 0.10546875 0.64765625 0.04375 0.096875
2 0.35078125 0.31796875 0.0265625 0.0546875
2 0.18125 0.64375 0.040625 0.090625
2 0.55703125 0.36328125 0.0265625 0.0578125
2 0.4203125 0.575 0.034375 0.0703125
2 0.71328125 0.45078125 0.0296875 0.0625
2 0.5109375 0.37421875 0.025 0.05625
2 0.54921875 0.553125 0.034375 0.071875
2 0.259375 0.315625 0.0234375 0.059375
2 0.39375 0.57265625 0.0359375 0.0765625
2 0.56171875 0.56484375 0.034375 0.0703125
2 0.37578125 0.61484375 0.034375 0.0859375