2 0.06171875 0.49296875 0.028125 0.08203125
2 0.42578125 0.34140625 0.015625 0.05390625
2 0.46484375 0.496875 0.02734375 0.09609375
2 0.471875 0.3875 0.02109375 0.0640625
2 0.38203125 0.4390625 0.02109375 0.07734375
2 0.325 0.66875 0.03359375 0.11875
2 0.55 0.5609375 0.0265625 0.1
2 0.70546875 0.3421875 0.01484375 0.0453125
2 0.7203125 0.3828125 0.025 0.05859375
2 0.73125 0.4671875 0.01953125 0.0859375
2 0.65078125 0.49609375 0.0171875 0.08515625
2 0.6546875 0.46796875 0.01953125 0.08515625
2 0.69609375 0.49140625 0.021875 0.0859375
2 0.75 0.48046875 0.021875 0.08515625
0 0.72578125 0.38359375 0.00859375 0.01328125