2 0.571875 0.290625 0.0296875 0.0609375
2 0.6171875 0.29921875 0.028125 0.053125
2 0.50859375 0.20390625 0.0125 0.0375
2 0.42890625 0.24140625 0.0234375 0.0609375
2 0.4609375 0.23125 0.025 0.059375
2 0.48203125 0.19375 0.015625 0.0453125
2 0.59296875 0.2828125 0.025 0.0578125
2 0.64921875 0.30703125 0.0234375 0.0671875
2 0.66484375 0.3140625 0.034375 0.0609375
0 0.67734375 0.3046875 0.0109375 0.015625
2 0.50078125 0.21640625 0.015625 0.0546875
2 0.509375 0.24375 0.0265625 0.0671875
2 0.48046875 0.22421875 0.015625 0.0578125
2 0.45859375 0.19375 0.01875 0.0375