2 0.7671875 0.58203125 0.034375 0.08046875
2 0.9140625 0.6953125 0.03984375 0.059375
2 0.8265625 0.50859375 0.04140625 0.0640625
2 0.7984375 0.65078125 0.03203125 0.09296875
2 0.9609375 0.94921875 0.06328125 0.09609375
2 0.45625 0.59921875 0.03203125 0.0765625
2 0.4453125 0.41796875 0.01796875 0.05859375
2 0.8375 0.39609375 0.02421875 0.053125
2 0.5046875 0.5765625 0.03046875 0.071875
2 0.92734375 0.63828125 0.0359375 0.06796875
2 0.4640625 0.41640625 0.01796875 0.071875
0 0.453125 0.4015625 0.0078125 0.01484375
2 0.82265625 0.39375 0.02421875 0.0609375
2 0.84296875 0.48671875 0.01953125 0.06328125
2 0.95625 0.8765625 0.0484375 0.10390625