2 0.334375 0.521875 0.03359375 0.0890625
2 0.7 0.35546875 0.02109375 0.05
2 0.290625 0.546875 0.03515625 0.09296875
2 0.31015625 0.346875 0.01875 0.05703125
2 0.28125 0.32734375 0.01875 0.0515625
2 0.45625 0.40859375 0.01484375 0.0671875
2 0.46875 0.3921875 0.015625 0.0640625
2 0.7359375 0.365625 0.0203125 0.0484375
2 0.69453125 0.46796875 0.028125 0.05859375
2 0.5984375 0.60078125 0.03359375 0.09296875
2 0.5375 0.3328125 0.01796875 0.0515625
2 0.521875 0.32734375 0.01015625 0.0453125
2 0.5859375 0.57890625 0.02421875 0.08359375
2 0.6796875 0.44375 0.02109375 0.04921875