0 0.34140625 0.571875 0.00625 0.0109375
2 0.46875 0.571875 0.028125 0.0625
2 0.53828125 0.5640625 0.0265625 0.0734375
2 0.4109375 0.57265625 0.0265625 0.071875
2 0.4859375 0.22578125 0.009375 0.0234375
2 0.5265625 0.22265625 0.009375 0.021875
2 0.3 0.57578125 0.0265625 0.071875
2 0.65546875 0.56796875 0.0265625 0.0765625
2 0.51015625 0.22265625 0.0078125 0.01875
2 0.3359375 0.6 0.028125 0.078125
2 0.5359375 0.225 0.0109375 0.0234375
2 0.553125 0.22890625 0.0109375 0.021875
2 0.63359375 0.57109375 0.025 0.0875
2 0.51796875 0.2265625 0.00625 0.0296875
2 0.5015625 0.228125 0.0078125 0.028125