2 0.65390625 0.3 0.02265625 0.0625
2 0.6609375 0.30390625 0.01796875 0.0609375
2 0.6109375 0.296875 0.0171875 0.06484375
2 0.55625 0.3125 0.028125 0.05078125
2 0.53046875 0.3078125 0.02578125 0.059375
2 0.55 0.2328125 0.015625 0.059375
2 0.50859375 0.18828125 0.0109375 0.05078125
2 0.5203125 0.21328125 0.0171875 0.05546875
2 0.421875 0.246875 0.01796875 0.0578125
2 0.5015625 0.1984375 0.0140625 0.0515625
2 0.49921875 0.21328125 0.0140625 0.0515625
2 0.5 0.22265625 0.021875 0.06328125
2 0.48359375 0.1890625 0.0140625 0.05625