2 0 0.550961715625 0.9440995078125001 0.7855969109375 0.9522947234375 0.7527043484375 0.690562171875 0.2961654875 0.40769551875000004 0.21844916250000002 0.000957196875 0.4347686140625 0 0.43860772031249995 0 0.550961715625
2 0.6765625 0.2921875 0.0125 0.028125
2 0.68515625 0.30625 0.01875 0.0390625
2 0.6625 0.309375 0.021875 0.040625
2 0.675 0.325 0.01875 0.0390625
2 0.5265625 0.2609375 0.01875 0.0375
2 0.52578125 0.2953125 0.0265625 0.05
2 0.38515625 0.25546875 0.025 0.0453125
2 0.45703125 0.32890625 0.028125 0.0578125
2 0.57421875 0.321875 0.0203125 0.04375
2 0.56171875 0.334375 0.025 0.053125
2 0.55390625 0.365625 0.0265625 0.0546875
2 0.6171875 0.34375 0.0265625 0.0515625
2 0.6296875 0.3734375 0.028125 0.0546875
2 0.696875 0.42421875 0.0359375 0.06875