2 0.1984375 0.59921875 0.03828125 0.10703125
2 0.775 0.59453125 0.03671875 0.1
2 0.4375 0.68671875 0.04296875 0.1265625
2 0.44375 0.44921875 0.03046875 0.065625
2 0.4125 0.44453125 0.02890625 0.08046875
2 0.5890625 0.68046875 0.040625 0.10859375
2 0.490625 0.31328125 0.01953125 0.04609375
2 0.3125 0.36171875 0.01953125 0.05703125
2 0.7234375 0.678125 0.03828125 0.121875
2 0.51015625 0.34453125 0.0265625 0.053125
0 0.55234375 0.33515625 0.0125 0.01796875
2 0.22890625 0.58359375 0.03515625 0.08359375
2 0.29765625 0.3421875 0.01171875 0.05546875
2 0.5203125 0.30078125 0.01484375 0.0421875
2 0.51484375 0.3296875 0.0140625 0.0328125