2 0.2171875 0.6 0.0796875 0.1578125
2 0.2796875 0.63125 0.08125 0.1734375
2 0.4421875 0.39921875 0.059375 0.1140625
2 0.54296875 0.38671875 0.0546875 0.0953125
2 0.61875 0.28828125 0.0265625 0.05625
2 0.62421875 0.29765625 0.03125 0.0578125
2 0.621875 0.3328125 0.0328125 0.065625
2 0.6765625 0.3515625 0.0390625 0.0796875
2 0.528125 0.575 0.0703125 0.1484375
2 0.5546875 0.5703125 0.0671875 0.128125
2 0.93125 0.61484375 0.090625 0.1078125
2 0.84140625 0.57890625 0.0734375 0.125
2 0.8390625 0.684375 0.0875 0.1140625
2 0.90390625 0.7296875 0.0703125 0.13125