2 0.93828125 0.50859375 0.03125 0.0828125
2 0.5796875 0.34375 0.0171875 0.0546875
2 0.53515625 0.4984375 0.03125 0.096875
2 0.53203125 0.38828125 0.0234375 0.0640625
2 0.6203125 0.44296875 0.0234375 0.078125
2 0.66875 0.675 0.0375 0.1203125
2 0.44765625 0.559375 0.0296875 0.1015625
2 0.3 0.33515625 0.0171875 0.0453125
2 0.28359375 0.375 0.0265625 0.059375
2 0.2703125 0.459375 0.021875 0.0859375
2 0.34921875 0.490625 0.0203125 0.0859375
2 0.346875 0.4625 0.021875 0.0859375
2 0.3046875 0.484375 0.025 0.0859375
2 0.25078125 0.471875 0.025 0.0859375
0 0.278125 0.37578125 0.009375 0.0140625