2 0.1109375 0.49921875 0.03828125 0.07109375
2 0.475 0.315625 0.025 0.05859375
2 0.4640625 0.25546875 0.01875 0.05
2 0.51328125 0.28046875 0.0203125 0.053125
2 0.56640625 0.28203125 0.021875 0.04453125
2 0.3296875 0.3203125 0.02421875 0.0625
2 0.553125 0.51796875 0.03359375 0.0859375
2 0.625 0.35859375 0.02265625 0.05546875
2 0.3828125 0.24140625 0.02109375 0.05
2 0.6546875 0.29296875 0.01875 0.05546875
2 0.4109375 0.19921875 0.01484375 0.04296875
2 0.578125 0.496875 0.0203125 0.09609375
2 0.41328125 0.16640625 0.0125 0.03671875