2 0.56875 0.43125 0.028125 0.0515625
2 0.65625 0.48828125 0.0328125 0.0578125
2 0.56875 0.3890625 0.0234375 0.0359375
2 0.4 0.52890625 0.0328125 0.059375
2 0.51640625 0.32578125 0.021875 0.034375
2 0.51484375 0.51171875 0.034375 0.0625
2 0.42734375 0.42578125 0.0296875 0.0484375
2 0.7234375 0.51953125 0.0328125 0.0625
2 0.590625 0.3640625 0.0234375 0.0453125
2 0.5578125 0.35078125 0.0203125 0.04375
2 0.4890625 0.3453125 0.01875 0.0359375
2 0.47421875 0.359375 0.0234375 0.0515625
2 0.56953125 0.35859375 0.015625 0.0375
2 0.5484375 0.4609375 0.025 0.0578125
0 0.7171875 0.5453125 0.009375 0.0125