2 0.53125 0.35546875 0.01328125 0.046875
2 0.4265625 0.24921875 0.01328125 0.03203125
2 0.5765625 0.37890625 0.015625 0.05546875
2 0.609375 0.43046875 0.02109375 0.06953125
2 0.690625 0.41484375 0.01875 0.06796875
2 0.5234375 0.40859375 0.01796875 0.0609375
2 0.4953125 0.24921875 0.01328125 0.03203125
2 0.44296875 0.37890625 0.01015625 0.0546875
2 0.4625 0.240625 0.01171875 0.028125
2 0.53671875 0.240625 0.0109375 0.0296875
2 0.5546875 0.25078125 0.0109375 0.03359375
2 0.55546875 0.23359375 0.009375 0.01953125
0 0.628125 0.21796875 0.00859375 0.009375
2 0.45078125 0.3921875 0.01328125 0.06640625