2 0.35 0.6046875 0.02890625 0.0625
2 0.328125 0.39765625 0.01796875 0.04296875
2 0.5546875 0.5265625 0.025 0.0609375
2 0.425 0.45546875 0.02421875 0.053125
2 0.78125 0.621875 0.03125 0.065625
2 0.3453125 0.39765625 0.01953125 0.04609375
2 0.4921875 0.42734375 0.02578125 0.04609375
2 0.528125 0.559375 0.02265625 0.0640625
2 0.74921875 0.5703125 0.0265625 0.0765625
2 0.6296875 0.4546875 0.01328125 0.05859375
2 0.54140625 0.3859375 0.0109375 0.04609375
2 0.63984375 0.44921875 0.0140625 0.0609375
2 0.53203125 0.38515625 0.0140625 0.04609375