2 0.6421875 0.28046875 0.025 0.05
2 0.6328125 0.30078125 0.028125 0.0625
2 0.5890625 0.3546875 0.0296875 0.05
2 0.60625 0.36640625 0.0265625 0.053125
2 0.5078125 0.384375 0.028125 0.0578125
2 0.46015625 0.3765625 0.021875 0.05
2 0.39375 0.47421875 0.03125 0.0671875
2 0.465625 0.48125 0.03125 0.0671875
2 0.3734375 0.71640625 0.04375 0.09375
2 0.1625 0.75625 0.0609375 0.1078125
2 0.54140625 0.83828125 0.04375 0.0890625
2 0.5234375 0.853125 0.0453125 0.0890625
2 0.83515625 0.4703125 0.0328125 0.06875
2 0.8234375 0.490625 0.0484375 0.0890625
0 0.828125 0.46015625 0.009375 0.025