2 0.315625 0.54765625 0.0515625 0.1078125
2 0.50546875 0.6125 0.0453125 0.09375
2 0.59921875 0.76328125 0.059375 0.1234375
2 0.78203125 0.35703125 0.034375 0.071875
2 0.27421875 0.55234375 0.04375 0.0875
2 0.67578125 0.38125 0.0359375 0.0546875
2 0.5625 0.265625 0.0265625 0.0546875
2 0.48671875 0.28984375 0.03125 0.0671875
2 0.54296875 0.28984375 0.028125 0.05
2 0.51875 0.2734375 0.0234375 0.0578125
2 0.565625 0.22890625 0.021875 0.059375
2 0.51015625 0.2875 0.021875 0.065625
2 0.6828125 0.359375 0.0265625 0.0828125
2 0.690625 0.34296875 0.0203125 0.0546875