2 0.65234375 0.5625 0.0421875 0.0703125
2 0.45546875 0.41953125 0.0375 0.065625
2 0.5109375 0.3796875 0.0328125 0.0546875
2 0.59140625 0.51328125 0.0375 0.075
2 0.759375 0.52421875 0.0453125 0.0765625
2 0.7078125 0.2921875 0.03125 0.0515625
2 0.634375 0.29140625 0.0328125 0.046875
2 0.4109375 0.35078125 0.0296875 0.05625
2 0.3953125 0.340625 0.0234375 0.0484375
2 0.36953125 0.32890625 0.028125 0.046875
2 0.4359375 0.346875 0.028125 0.0515625
2 0.434375 0.5671875 0.03125 0.0765625
2 0.42265625 0.56875 0.0328125 0.0703125
2 0.56171875 0.478125 0.0328125 0.0640625