2 0.35859375 0.38671875 0.028125 0.0515625
2 0.7140625 0.4625 0.0296875 0.0609375
2 0.25 0.496875 0.03125 0.0546875
2 0.29921875 0.4015625 0.0296875 0.05625
2 0.70078125 0.56875 0.040625 0.0765625
2 0.63203125 0.434375 0.0234375 0.065625
2 0.634375 0.40703125 0.025 0.05625
2 0.21953125 0.51796875 0.0328125 0.065625
2 0.59609375 0.30703125 0.025 0.0453125
2 0.56875 0.30625 0.025 0.04375
2 0.6265625 0.340625 0.021875 0.0484375
2 0.34296875 0.31875 0.025 0.04375
2 0.634375 0.36640625 0.01875 0.05
0 0.34765625 0.32890625 0.00625 0.0078125