2 0.1 0.40625 0.0484375 0.075
2 0.31171875 0.22109375 0.0265625 0.0390625
2 0.39609375 0.3046875 0.034375 0.0546875
2 0.1265625 0.32421875 0.0390625 0.0609375
2 0.540625 0.37734375 0.0328125 0.0515625
2 0.21953125 0.29765625 0.0390625 0.0578125
2 0.475 0.328125 0.03125 0.0515625
2 0.25 0.26484375 0.034375 0.053125
0 0.4734375 0.265625 0.0109375 0.0140625
2 0.45546875 0.259375 0.025 0.04375
2 0.359375 0.23125 0.0265625 0.0375
2 0.503125 0.26015625 0.01875 0.0359375
2 0.19609375 0.29765625 0.028125 0.05625
2 0.25 0.2359375 0.021875 0.028125
2 0.521875 0.36953125 0.025 0.0515625