2 0.2375 0.540625 0.02890625 0.0609375
2 0.72578125 0.48515625 0.01875 0.07109375
2 0.72578125 0.43828125 0.02265625 0.0609375
2 0.709375 0.596875 0.01953125 0.0765625
2 0.7203125 0.5484375 0.0234375 0.065625
2 0.384375 0.40546875 0.025 0.053125
2 0.58984375 0.36484375 0.01875 0.04296875
2 0.740625 0.78984375 0.03671875 0.09609375
2 0.17421875 0.55390625 0.03125 0.071875
2 0.8171875 0.653125 0.02421875 0.06953125
2 0.55234375 0.353125 0.01875 0.04453125
2 0.340625 0.409375 0.02421875 0.05390625
2 0.4 0.3328125 0.02578125 0.0484375
2 0.40703125 0.31796875 0.01328125 0.03359375