2 0.19140625 0.26640625 0.046875 0.071875
2 0.3703125 0.35625 0.059375 0.0859375
2 0.32734375 0.40859375 0.053125 0.084375
2 0.465625 0.440625 0.046875 0.0703125
2 0.42734375 0.325 0.046875 0.078125
2 0.09921875 0.34765625 0.0453125 0.065625
2 0.48671875 0.63828125 0.059375 0.096875
2 0.4546875 0.61640625 0.0515625 0.0890625
2 0.503125 0.48359375 0.0578125 0.0984375
2 0.11875 0.9546875 0.06875 0.090625
2 0.084375 0.8453125 0.053125 0.1
2 0.41171875 0.28125 0.03125 0.05
0 0.37734375 0.3390625 0.0171875 0.028125