2 0.721875 0.5453125 0.028125 0.0625
2 0.78125 0.540625 0.02265625 0.05859375
2 0.50546875 0.559375 0.025 0.0640625
2 0.69375 0.42734375 0.0171875 0.04296875
2 0.625 0.37578125 0.01796875 0.040625
2 0.665625 0.5421875 0.01328125 0.06796875
2 0.675 0.53046875 0.02109375 0.05546875
2 0.56796875 0.3890625 0.01484375 0.0390625
2 0.578125 0.39453125 0.01953125 0.04453125
2 0.45 0.41171875 0.01875 0.04296875
2 0.50703125 0.50859375 0.02109375 0.0546875
2 0.46015625 0.4125 0.015625 0.0484375
2 0.62890625 0.36015625 0.01171875 0.03515625
2 0.67734375 0.43359375 0.015625 0.0515625