2 0.20390625 0.44765625 0.0296875 0.05703125
2 0.54140625 0.82109375 0.040625 0.09453125
2 0.42734375 0.31328125 0.0171875 0.04296875
2 0.153125 0.45859375 0.034375 0.0609375
2 0.5421875 0.353125 0.02265625 0.0375
2 0.4453125 0.33046875 0.02265625 0.046875
2 0.55859375 0.640625 0.025 0.06953125
2 0.30546875 0.3578125 0.0296875 0.0515625
2 0.5640625 0.37421875 0.02109375 0.0484375
2 0.596875 0.40390625 0.0234375 0.04453125
2 0.64765625 0.37421875 0.0171875 0.05859375
2 0.6421875 0.34453125 0.01171875 0.04296875
2 0.621875 0.4125 0.0171875 0.05703125
2 0.30859375 0.3375 0.0140625 0.0265625