2 0.58125 0.49921875 0.03203125 0.059375
2 0.2546875 0.36484375 0.01953125 0.07265625
2 0.259375 0.340625 0.02890625 0.0609375
2 0.7875 0.48671875 0.03125 0.0515625
2 0.475 0.40390625 0.02421875 0.0640625
2 0.2 0.9171875 0.0421875 0.103125
2 0.23671875 0.86953125 0.05 0.1
2 0.71484375 0.503125 0.028125 0.078125
2 0.6140625 0.55234375 0.03046875 0.0765625
2 0.6453125 0.359375 0.02421875 0.059375
2 0.68359375 0.321875 0.021875 0.04609375
2 0.49921875 0.40703125 0.0234375 0.06796875
0 0.61875 0.55078125 0.01171875 0.021875