2 0.38828125 0.346875 0.01875 0.046875
2 0.41484375 0.375 0.0171875 0.0453125
2 0.49921875 0.3390625 0.0140625 0.0328125
2 0.490625 0.33515625 0.015625 0.0421875
2 0.56484375 0.315625 0.0171875 0.0453125
2 0.5703125 0.34296875 0.0171875 0.046875
0 0.50078125 0.35 0.00625 0.009375
2 0.740625 0.4109375 0.0296875 0.05625
2 0.59375 0.46484375 0.025 0.0703125
2 0.6125 0.475 0.025 0.071875
2 0.4171875 0.4765625 0.0203125 0.05625
2 0.49296875 0.49609375 0.0234375 0.0546875
2 0.4078125 0.5046875 0.0265625 0.0640625
2 0.4265625 0.525 0.0265625 0.0703125
2 0.78515625 0.38671875 0.01875 0.05