2 0.321875 0.58125 0.0359375 0.0703125
2 0.29609375 0.35546875 0.0265625 0.053125
2 0.6546875 0.62265625 0.0390625 0.06875
2 0.40703125 0.4046875 0.0296875 0.053125
2 0.43828125 0.38359375 0.028125 0.053125
2 0.4484375 0.63203125 0.0375 0.0734375
2 0.34765625 0.33203125 0.0265625 0.05625
2 0.64140625 0.30546875 0.021875 0.0375
2 0.72734375 0.353125 0.0296875 0.0484375
2 0.44375 0.5671875 0.0328125 0.06875
2 0.37421875 0.26796875 0.028125 0.046875
2 0.69140625 0.62421875 0.03125 0.071875
2 0.2765625 0.69140625 0.034375 0.0875
2 0.38046875 0.26171875 0.0203125 0.0453125