2 1 0.583002546875 0.613818046875 0.24522970625 0.32106041093750004 0.263839853125 0.0069084968750000005 0.60079495625 0.016756548437499998 0.7133586937499999 1 0.6265896515625 1 0.583002546875
2 0.59921875 0.24609375 0.009375 0.0265625
2 0.61171875 0.25625 0.0125 0.0390625
2 0.59140625 0.2671875 0.015625 0.040625
2 0.60859375 0.27734375 0.0140625 0.0375
2 0.44765625 0.265625 0.0140625 0.0375
2 0.4578125 0.2984375 0.0203125 0.0484375
2 0.31171875 0.30625 0.01875 0.04375
2 0.40390625 0.35234375 0.0203125 0.0578125
2 0.5125 0.3078125 0.0140625 0.04375
2 0.50390625 0.3234375 0.0171875 0.0515625
2 0.50703125 0.35625 0.01875 0.0546875
2 0.56015625 0.3140625 0.01875 0.05
2 0.58125 0.33828125 0.0203125 0.053125
2 0.66171875 0.3640625 0.0265625 0.0671875