2 0.33671875 0.36484375 0.0234375 0.0484375
2 0.28203125 0.3921875 0.028125 0.065625
2 0.41640625 0.42421875 0.025 0.0609375
2 0.48046875 0.4125 0.0296875 0.0625
2 0.55703125 0.43984375 0.0296875 0.0546875
2 0.56015625 0.4203125 0.021875 0.0484375
2 0.70859375 0.43125 0.01875 0.0515625
2 0.76875 0.47421875 0.0265625 0.0546875
2 0.459375 0.5453125 0.0328125 0.0703125
2 0.39375 0.58359375 0.0484375 0.0875
2 0.58828125 0.6296875 0.034375 0.084375
2 0.60234375 0.63515625 0.0375 0.0796875
2 0.73046875 0.64765625 0.0375 0.0984375
2 0.77265625 0.71953125 0.0359375 0.096875
0 0.62109375 0.5921875 0.0109375 0.015625