2 0.20859375 0.625 0.046875 0.109375
2 0.78203125 0.5703125 0.0453125 0.103125
2 0.45390625 0.69140625 0.053125 0.1296875
2 0.43984375 0.4546875 0.0359375 0.06875
2 0.4078125 0.45234375 0.0359375 0.0828125
2 0.6046875 0.671875 0.05 0.1125
2 0.47421875 0.31484375 0.0234375 0.046875
2 0.30078125 0.37890625 0.025 0.0578125
2 0.73828125 0.6578125 0.0484375 0.125
2 0.496875 0.34453125 0.03125 0.0546875
0 0.5375 0.33125 0.0140625 0.01875
2 0.2375 0.60703125 0.0421875 0.0859375
2 0.284375 0.36015625 0.0171875 0.05625
2 0.503125 0.3 0.01875 0.04375
2 0.5 0.32890625 0.0171875 0.034375