2 0.890625 0.878125 0.0828125 0.209375
2 0.71171875 0.859375 0.0703125 0.1921875
2 0.44375 0.81171875 0.0515625 0.221875
2 0.40625 0.778125 0.0625 0.18046875
2 0.0203125 0.77890625 0.040625 0.2015625
2 0.1671875 0.44921875 0.034375 0.09609375
2 0.22109375 0.421875 0.03671875 0.09140625
2 0.61953125 0.38125 0.025 0.10078125
2 0.56015625 0.37265625 0.03203125 0.10390625
2 0.296875 0.3234375 0.0421875 0.0703125
2 0.32734375 0.30234375 0.0265625 0.065625
2 0.34375 0.33671875 0.0265625 0.059375
2 0.33125 0.34609375 0.03515625 0.078125
0 0.33984375 0.3359375 0.00625 0.0109375