2 0.61875 0.48828125 0.0234375 0.046875
2 0.55234375 0.4671875 0.0234375 0.04375
2 0.321875 0.44921875 0.0265625 0.0453125
2 0.353125 0.52421875 0.0390625 0.0671875
2 0.2828125 0.46953125 0.034375 0.0609375
2 0.67734375 0.53046875 0.03125 0.0578125
2 0.640625 0.728125 0.040625 0.0765625
2 0.5984375 0.51015625 0.0328125 0.053125
2 0.646875 0.62109375 0.0359375 0.065625
2 0.7265625 0.675 0.0375 0.0625
2 0.31484375 0.428125 0.0234375 0.05
0 0.309375 0.43203125 0.0109375 0.0140625
2 0.31640625 0.484375 0.03125 0.0609375
2 0.35703125 0.50625 0.0203125 0.04375
2 0.54921875 0.496875 0.0203125 0.053125