2 0.60625 0.6921875 0.0421875 0.0796875
2 0.5375 0.64453125 0.0375 0.071875
2 0.40078125 0.6640625 0.0359375 0.06875
2 0.690625 0.64375 0.0390625 0.08125
2 0.50078125 0.64921875 0.0359375 0.0640625
2 0.43671875 0.65703125 0.0375 0.0671875
2 0.4734375 0.6515625 0.034375 0.06875
2 0.45546875 0.3234375 0.0140625 0.0296875
2 0.3921875 0.3375 0.0125 0.0234375
2 0.4421875 0.32421875 0.0125 0.025
2 0.38046875 0.340625 0.0125 0.0265625
2 0.4125 0.3359375 0.0125 0.0265625
2 0.42734375 0.3328125 0.0125 0.028125
2 0.48671875 0.31875 0.0125 0.0234375
0 0.684375 0.6421875 0.0125 0.0171875