2 0.653125 0.6109375 0.0421875 0.08125
2 0.25234375 0.71171875 0.046875 0.0921875
2 0.5203125 0.4078125 0.03125 0.05625
2 0.43203125 0.546875 0.0328125 0.0671875
2 0.47265625 0.39921875 0.021875 0.040625
2 0.2796875 0.6375 0.040625 0.0859375
2 0.93203125 0.7234375 0.0515625 0.096875
2 0.62421875 0.5546875 0.03125 0.071875
2 0.45234375 0.5125 0.0265625 0.0625
2 0.55 0.56171875 0.03125 0.08125
2 0.52890625 0.559375 0.03125 0.0703125
2 0.6140625 0.3625 0.0171875 0.0484375
2 0.61015625 0.3453125 0.01875 0.0453125
2 0.909375 0.68828125 0.040625 0.1046875
0 0.41328125 0.38203125 0.0125 0.01875