2 0.54609375 0.1984375 0.0171875 0.04609375
2 0.57265625 0.196875 0.0109375 0.0390625
2 0.59296875 0.22734375 0.01171875 0.05234375
2 0.6015625 0.225 0.0140625 0.0546875
2 0.6203125 0.26171875 0.015625 0.0609375
2 0.66171875 0.3125 0.01328125 0.07265625
2 0.68203125 0.31796875 0.01875 0.07421875
2 0.684375 0.2953125 0.01953125 0.07421875
2 0.5796875 0.3109375 0.01796875 0.078125
2 0.5640625 0.3015625 0.02109375 0.06640625
2 0.4703125 0.2421875 0.01484375 0.06015625
2 0.46171875 0.259375 0.01328125 0.0625
2 0.2078125 0.36875 0.03671875 0.0828125
2 0.21796875 0.35078125 0.03125 0.08515625
0 0.19375 0.30078125 0.01640625 0.015625