2 0.4875 0.4015625 0.0265625 0.0578125
2 0.2 0.53359375 0.0390625 0.0828125
2 0.23828125 0.35390625 0.0296875 0.053125
2 0.5125 0.28359375 0.021875 0.05
2 0.1859375 0.365625 0.0296875 0.0609375
2 0.553125 0.28984375 0.0203125 0.0453125
2 0.5546875 0.38359375 0.025 0.0578125
2 0.38671875 0.49921875 0.0328125 0.065625
2 0.41796875 0.253125 0.0203125 0.053125
2 0.43984375 0.25859375 0.021875 0.0546875
2 0.3203125 0.23203125 0.0171875 0.0234375
2 0.37109375 0.46875 0.021875 0.05625
2 0.203125 0.49296875 0.0328125 0.075
2 0.328125 0.24921875 0.021875 0.04375