2 0.1609375 0.56328125 0.0328125 0.0875
2 0.31875 0.30546875 0.01953125 0.05
2 0.0640625 0.47109375 0.02265625 0.071875
2 0.50703125 0.51171875 0.0234375 0.07109375
2 0.528125 0.43515625 0.02109375 0.05703125
2 0.228125 0.51484375 0.0296875 0.08203125
2 0.09140625 0.51171875 0.0265625 0.06796875
2 0.4265625 0.46796875 0.0203125 0.0609375
2 0.34375 0.35546875 0.0203125 0.05859375
2 0.4140625 0.36953125 0.02109375 0.0609375
2 0.35625 0.30390625 0.01796875 0.05546875
2 0.36171875 0.3484375 0.0171875 0.04921875
0 0.3625 0.3453125 0.0078125 0.01171875
2 0.4234375 0.35078125 0.0125 0.05546875
2 0.50859375 0.4734375 0.01484375 0.04765625