2 0.2234375 0.559375 0.03125 0.08125
2 0.378125 0.55703125 0.021875 0.059375
2 0.2296875 0.31953125 0.01875 0.04375
2 0.5796875 0.54453125 0.025 0.065625
2 0.3390625 0.50234375 0.025 0.065625
2 0.378125 0.33984375 0.0109375 0.05
2 0.390625 0.32265625 0.015625 0.0484375
2 0.28359375 0.365625 0.0140625 0.0578125
2 0.29921875 0.35859375 0.01875 0.05
2 0.2609375 0.3265625 0.01875 0.053125
2 0.5234375 0.33359375 0.0125 0.053125
2 0.5328125 0.33359375 0.015625 0.05
2 0.36171875 0.53984375 0.015625 0.0671875
2 0.56953125 0.51875 0.021875 0.059375