2 0.3265625 0.4328125 0.021875 0.0515625
2 0.27578125 0.45390625 0.0203125 0.0671875
2 0.6109375 0.4390625 0.0171875 0.05
2 0.61796875 0.44921875 0.015625 0.0609375
2 0.6984375 0.4265625 0.0140625 0.053125
2 0.74921875 0.4390625 0.01875 0.059375
2 0.4703125 0.56796875 0.0234375 0.08125
2 0.59140625 0.59921875 0.028125 0.08125
2 0.63671875 0.51953125 0.028125 0.0578125
2 0.64609375 0.53671875 0.028125 0.0671875
2 0.9203125 0.6390625 0.028125 0.103125
2 0.85703125 0.59375 0.0296875 0.0921875
2 0.75703125 0.5859375 0.034375 0.0828125
2 0.73828125 0.58203125 0.03125 0.0765625