2 0.5828125 0.86171875 0.04609375 0.10390625
2 0.653125 0.42421875 0.02265625 0.04609375
2 0.3125 0.37421875 0.0203125 0.0484375
2 0.25546875 0.69140625 0.0328125 0.08359375
2 0.56875 0.73828125 0.03125 0.08203125
2 0.65625 0.36640625 0.0203125 0.053125
2 0.51171875 0.51171875 0.0140625 0.06796875
2 0.51875 0.52265625 0.02578125 0.06796875
2 0.2140625 0.40703125 0.01875 0.05546875
2 0.6828125 0.3640625 0.01875 0.053125
2 0.63359375 0.39296875 0.0171875 0.046875
2 0.19921875 0.66796875 0.0296875 0.08359375
2 0.55078125 0.8796875 0.04296875 0.096875
2 0.56328125 0.69375 0.02734375 0.04921875
0 0.56875 0.73828125 0.01328125 0.02109375