2 0.3390625 0.4890625 0.0296875 0.0703125
2 0.534375 0.45390625 0.028125 0.0640625
2 0.3859375 0.4953125 0.03125 0.06875
0 0.52265625 0.39375 0.0140625 0.0171875
2 0.584375 0.41875 0.0265625 0.059375
2 0.62734375 0.31171875 0.025 0.0453125
2 0.9015625 0.41171875 0.0296875 0.0546875
2 0.90234375 0.921875 0.0640625 0.1140625
2 0.50546875 0.48828125 0.028125 0.0609375
2 0.64921875 0.290625 0.021875 0.04375
2 0.6875 0.66015625 0.040625 0.078125
2 0.9296875 0.4171875 0.03125 0.0640625
2 0.73359375 0.353125 0.0171875 0.0578125
2 0.7234375 0.334375 0.0140625 0.0484375
2 0.56953125 0.3765625 0.0203125 0.04375