2 0.18671875 0.578125 0.046875 0.0875
2 0.5296875 0.61640625 0.0359375 0.084375
2 0.4796875 0.559375 0.0328125 0.0734375
2 0.7546875 0.6546875 0.034375 0.0703125
2 0.67578125 0.54375 0.034375 0.06875
2 0.5703125 0.3 0.0203125 0.0359375
2 0.5234375 0.36953125 0.0265625 0.0484375
2 0.34765625 0.3484375 0.025 0.0484375
2 0.6140625 0.30390625 0.01875 0.034375
2 0.4078125 0.28203125 0.0140625 0.040625
2 0.16796875 0.58984375 0.0421875 0.084375
2 0.3640625 0.359375 0.0296875 0.0515625
2 0.50546875 0.3875 0.0234375 0.05
2 0.40078125 0.27890625 0.0140625 0.04375