2 0.56875 0.32890625 0.0234375 0.05546875
2 0.0828125 0.48671875 0.0390625 0.08203125
2 0.246875 0.41484375 0.02265625 0.06796875
2 0.41796875 0.63671875 0.03125 0.08203125
2 0.6 0.43828125 0.0265625 0.0734375
2 0.6125 0.61953125 0.03203125 0.096875
2 0.5109375 0.39921875 0.03046875 0.05703125
2 0.6171875 0.32890625 0.02421875 0.05546875
2 0.21328125 0.2890625 0.01640625 0.05390625
2 0.3125 0.22421875 0.0171875 0.04609375
2 0.33125 0.22734375 0.01796875 0.0515625
0 0.4921875 0.43828125 0.01328125 0.015625
2 0.4 0.58359375 0.01875 0.10390625
2 0.58828125 0.5796875 0.02890625 0.1078125
2 0.2046875 0.28671875 0.01015625 0.0625