2 0.1109375 0.42421875 0.02421875 0.0625
2 0.4609375 0.39921875 0.0203125 0.0515625
2 0.1359375 0.5265625 0.02734375 0.075
2 0.4140625 0.28046875 0.02265625 0.04453125
2 0.38046875 0.28203125 0.0203125 0.04453125
2 0.3578125 0.33359375 0.0203125 0.04140625
2 0.36484375 0.46796875 0.0234375 0.0609375
2 0.1625 0.534375 0.0296875 0.078125
2 0.49375 0.4546875 0.01875 0.065625
2 0.5046875 0.43984375 0.02109375 0.05703125
2 0.153125 0.45234375 0.02421875 0.0625
2 0.4265625 0.33984375 0.01875 0.0515625
2 0.4484375 0.34296875 0.01796875 0.05
2 0.36640625 0.3421875 0.01796875 0.0453125
0 0.3640625 0.33828125 0.00703125 0.01171875