2 0.80625 0.58359375 0.04375 0.109375
2 0.23046875 0.60859375 0.0421875 0.1015625
2 0.571875 0.6828125 0.05 0.128125
2 0.553125 0.44609375 0.034375 0.0671875
2 0.584375 0.43984375 0.0328125 0.08125
2 0.4203125 0.68515625 0.046875 0.1109375
2 0.49921875 0.31328125 0.021875 0.046875
2 0.6796875 0.35234375 0.021875 0.0578125
2 0.2859375 0.68984375 0.0453125 0.1234375
2 0.48203125 0.3453125 0.0296875 0.0546875
0 0.4390625 0.33828125 0.0140625 0.01875
2 0.775 0.56953125 0.0390625 0.0859375
2 0.69375 0.33203125 0.0140625 0.05625
2 0.46953125 0.30234375 0.0171875 0.0421875
2 0.4765625 0.33046875 0.015625 0.0328125