2 0.5171875 0.44140625 0.01796875 0.046875
2 0.5703125 0.43828125 0.01484375 0.04609375
2 0.2296875 0.57890625 0.02421875 0.0640625
2 0.51328125 0.571875 0.0171875 0.0625
2 0.1796875 0.696875 0.02734375 0.0875
2 0.5328125 0.61171875 0.021875 0.07109375
2 0.2765625 0.53671875 0.01796875 0.0625
2 0.76875 0.596875 0.02421875 0.078125
2 0.4609375 0.5078125 0.01484375 0.059375
2 0.478125 0.49921875 0.01953125 0.05390625
2 0.7421875 0.59921875 0.02421875 0.07109375
2 0.43203125 0.42265625 0.0140625 0.046875
2 0.44296875 0.42578125 0.0171875 0.04296875
2 0.1875 0.78046875 0.02421875 0.09453125
0 0.33984375 0.36171875 0.01015625 0.01875