2 0.60234375 0.40546875 0.0484375 0.071875
2 0.7171875 0.2375 0.0421875 0.059375
2 0.753125 0.25390625 0.0359375 0.05625
2 0.57421875 0.48984375 0.0453125 0.0765625
2 0.67421875 0.4765625 0.04375 0.071875
2 0.4671875 0.3421875 0.0375 0.05625
2 0.4609375 0.34296875 0.028125 0.0609375
2 0.9640625 0.4578125 0.0484375 0.0890625
2 0.4859375 0.51640625 0.0421875 0.071875
2 0.60078125 0.19921875 0.028125 0.05
2 0.63046875 0.203125 0.0328125 0.0515625
2 0.42109375 0.2875 0.0328125 0.0609375
2 0.39375 0.28046875 0.0359375 0.0703125