2 0.48515625 0.2734375 0.0140625 0.0296875
2 0.59765625 0.56484375 0.028125 0.065625
2 0.46796875 0.47890625 0.0296875 0.0546875
2 0.5140625 0.26796875 0.0078125 0.0265625
2 0.3984375 0.54765625 0.028125 0.0671875
2 0.50703125 0.5375 0.028125 0.0578125
2 0.65703125 0.60625 0.0296875 0.06875
2 0.55078125 0.28046875 0.015625 0.0265625
2 0.4515625 0.5328125 0.028125 0.0671875
2 0.62109375 0.6015625 0.0296875 0.0640625
2 0.53828125 0.27578125 0.009375 0.034375
2 0.575 0.2765625 0.0140625 0.01875
2 0.50703125 0.26875 0.0078125 0.0265625
2 0.521875 0.28046875 0.009375 0.028125
0 0.47109375 0.31015625 0.00625 0.0109375