2 0.32421875 0.4109375 0.05625 0.1015625
2 0.44609375 0.40859375 0.0546875 0.078125
2 0.459375 0.63515625 0.0640625 0.1421875
2 0.4 0.6828125 0.0734375 0.1609375
2 0.67265625 0.29609375 0.03125 0.05625
2 0.7453125 0.3796875 0.0375 0.075
2 0.8890625 0.47890625 0.0421875 0.08125
2 0.72421875 0.35625 0.0296875 0.06875
2 0.54921875 0.39140625 0.04375 0.0828125
2 0.5828125 0.3890625 0.0375 0.06875
2 0.61640625 0.29296875 0.028125 0.0546875
2 0.5640625 0.540625 0.053125 0.11875
2 0.5765625 0.5125 0.0390625 0.084375