2 0.8984375 0.39921875 0.05 0.075
2 0.68359375 0.21796875 0.028125 0.0390625
2 0.60078125 0.303125 0.034375 0.0546875
2 0.8703125 0.3171875 0.040625 0.0609375
2 0.4578125 0.378125 0.0328125 0.0515625
2 0.7765625 0.2921875 0.0390625 0.059375
2 0.521875 0.32734375 0.0328125 0.0515625
2 0.74609375 0.26015625 0.0359375 0.053125
0 0.52265625 0.265625 0.0109375 0.0140625
2 0.540625 0.25859375 0.0265625 0.04375
2 0.6359375 0.22890625 0.0265625 0.0375
2 0.49296875 0.26015625 0.01875 0.0359375
2 0.8 0.2921875 0.028125 0.05625
2 0.7453125 0.23203125 0.021875 0.028125
2 0.47578125 0.3703125 0.0265625 0.0515625