2 0.84375 0.4734375 0.0546875 0.09375
2 0.625 0.26484375 0.03125 0.053125
2 0.91328125 0.359375 0.040625 0.075
2 0.49609375 0.51328125 0.040625 0.075
2 0.45625 0.44453125 0.034375 0.0609375
2 0.76640625 0.44375 0.05 0.0875
2 0.89765625 0.40546875 0.04375 0.071875
2 0.5625 0.45 0.0359375 0.0640625
2 0.61328125 0.3203125 0.034375 0.0625
2 0.54921875 0.3515625 0.0359375 0.0640625
2 0.58828125 0.2734375 0.03125 0.0578125
2 0.59453125 0.31796875 0.0296875 0.0515625
0 0.59296875 0.31484375 0.0109375 0.0140625
2 0.53515625 0.3359375 0.0265625 0.05625
2 0.48515625 0.4765625 0.0265625 0.05