2 0.246875 0.32265625 0.01953125 0.05859375
2 0.4890625 0.5578125 0.03828125 0.084375
2 0.30625 0.53828125 0.03984375 0.07109375
2 0.3578125 0.77421875 0.034375 0.0984375
2 0.1328125 0.68046875 0.03046875 0.08359375
2 0.55625 0.31796875 0.02109375 0.046875
2 0.43671875 0.50234375 0.03125 0.0765625
2 0.7171875 0.34765625 0.0265625 0.05390625
2 0.75703125 0.365625 0.0265625 0.05859375
2 0.59296875 0.79765625 0.0390625 0.084375
2 0.23125 0.32578125 0.0203125 0.065625
2 0.56953125 0.34296875 0.01640625 0.04765625
2 0.3828125 0.77578125 0.0453125 0.1015625
2 0.6328125 0.93515625 0.04375 0.1296875
0 0.384375 0.74375 0.009375 0.01015625