2 0.55859375 0.33125 0.025 0.05390625
2 0.5625 0.340625 0.03125 0.0484375
2 0.18125 0.61640625 0.03828125 0.08359375
2 0.07734375 0.7953125 0.0625 0.0984375
2 0.484375 0.32265625 0.01796875 0.04296875
2 0.33515625 0.36328125 0.025 0.04609375
2 0.2046875 0.30390625 0.0328125 0.05546875
2 0.3171875 0.22578125 0.01875 0.04609375
2 0.50625 0.33515625 0.02578125 0.0484375
2 0.5703125 0.27421875 0.01875 0.04609375
2 0.3625 0.36953125 0.025 0.04453125
2 0.6109375 0.253125 0.01796875 0.05
2 0.34140625 0.21171875 0.0203125 0.04296875
2 0.1890625 0.31953125 0.01953125 0.0546875
0 0.5015625 0.296875 0.0109375 0.0109375