2 0.4078125 0.315625 0.0375 0.0484375
2 0.37109375 0.28046875 0.028125 0.0546875
2 0.28359375 0.41875 0.0390625 0.0703125
2 0.8015625 0.6453125 0.0484375 0.0921875
2 0.93515625 0.68984375 0.0515625 0.096875
2 0.3765625 0.5875 0.04375 0.0828125
2 0.43828125 0.2703125 0.028125 0.0453125
2 0.3046875 0.325 0.040625 0.0671875
2 0.42109375 0.56953125 0.0390625 0.075
2 0.26875 0.321875 0.0390625 0.065625
2 0.35390625 0.259375 0.025 0.046875
2 0.321875 0.45 0.0375 0.071875
2 0.49453125 0.53046875 0.0359375 0.0828125
2 0.48046875 0.51640625 0.0375 0.084375