2 0.6421875 0.48046875 0.034375 0.05625
2 0.659375 0.60078125 0.0359375 0.059375
2 0.46953125 0.49140625 0.03125 0.05625
2 0.5578125 0.40703125 0.03125 0.0578125
2 0.4515625 0.403125 0.03125 0.053125
2 0.7109375 0.5890625 0.0359375 0.059375
2 0.66640625 0.47734375 0.028125 0.046875
2 0.61328125 0.56796875 0.0375 0.059375
2 0.6109375 0.4078125 0.0265625 0.04375
0 0.50546875 0.4 0.0140625 0.015625
2 0.4796875 0.453125 0.0296875 0.05
2 0.45234375 0.3828125 0.015625 0.03125
2 0.56640625 0.38671875 0.0171875 0.034375
2 0.621875 0.4046875 0.0203125 0.0421875
2 0.615625 0.55 0.0203125 0.034375