2 0.59921875 0.45078125 0.0328125 0.109375
2 0.5578125 0.4484375 0.0359375 0.103125
2 0.54375 0.3578125 0.02421875 0.0953125
2 0.47421875 0.33671875 0.02421875 0.08046875
2 0.44375 0.27265625 0.0171875 0.06171875
2 0.43984375 0.22734375 0.01328125 0.04375
2 0.43125 0.22734375 0.01171875 0.03828125
2 0.3984375 0.26875 0.01328125 0.06640625
2 0.4296875 0.4078125 0.01953125 0.09375
2 0.4171875 0.38671875 0.021875 0.07109375
2 0.21328125 0.371875 0.02421875 0.08515625
2 0.1921875 0.390625 0.04375 0.08984375
2 0.06484375 0.48203125 0.053125 0.1015625
0 0.0546875 0.35390625 0.0203125 0.02109375