2 0.1234375 0.59296875 0.03984375 0.071875
2 0.475 0.48984375 0.03046875 0.06796875
2 0.16640625 0.51171875 0.03125 0.0625
2 0.06171875 0.30546875 0.025 0.06640625
2 0.5015625 0.75703125 0.03203125 0.09453125
2 0.0390625 0.640625 0.04453125 0.09140625
2 0.125 0.35234375 0.02734375 0.0625
2 0.05625 0.3703125 0.02890625 0.065625
2 0.25078125 0.49140625 0.0234375 0.05859375
2 0.50625 0.328125 0.01796875 0.0640625
2 0.13203125 0.26328125 0.0234375 0.05703125
2 0.47109375 0.33671875 0.0171875 0.05703125
0 0.5171875 0.4984375 0.0140625 0.02421875