2 0.4703125 0.52734375 0.0359375 0.071875
2 0.19375 0.353125 0.028125 0.0453125
2 0.31484375 0.528125 0.034375 0.06875
2 0.27109375 0.3328125 0.0296875 0.04375
2 0.52109375 0.32890625 0.025 0.0390625
2 0.44921875 0.3046875 0.0296875 0.0546875
2 0.7421875 0.484375 0.0375 0.075
2 0.5515625 0.46640625 0.0328125 0.059375
2 0.41640625 0.3234375 0.025 0.0484375
2 0.3625 0.340625 0.028125 0.0453125
2 0.3828125 0.31875 0.0265625 0.0515625
2 0.340625 0.49609375 0.0328125 0.0625
2 0.53203125 0.3234375 0.0234375 0.040625
2 0.75859375 0.48125 0.034375 0.075
0 0.75859375 0.4578125 0.0109375 0.0203125