2 0.68359375 0.5421875 0.053125 0.128125
2 0.6234375 0.53359375 0.0609375 0.1140625
2 0.546875 0.3875 0.0390625 0.084375
2 0.4515625 0.36875 0.0328125 0.078125
2 0.35 0.31640625 0.0328125 0.078125
2 0.40859375 0.30625 0.0234375 0.065625
2 0.40078125 0.26171875 0.0203125 0.0546875
2 0.4078125 0.25859375 0.0171875 0.04375
2 0.4359375 0.49140625 0.0515625 0.1140625
2 0.42890625 0.4625 0.0390625 0.090625
2 0.08203125 0.5578125 0.0609375 0.1171875
2 0.125 0.55625 0.059375 0.1203125
2 0.12265625 0.52890625 0.053125 0.1125