2 0.63515625 0.53671875 0.0375 0.06875
2 0.56171875 0.52265625 0.0359375 0.06875
2 0.43515625 0.59921875 0.0375 0.071875
2 0.71875 0.54375 0.0375 0.065625
2 0.4875 0.59921875 0.0375 0.06875
2 0.3171875 0.603125 0.040625 0.084375
2 0.51875 0.5703125 0.0359375 0.071875
2 0.38203125 0.309375 0.0171875 0.0296875
2 0.46484375 0.28515625 0.0140625 0.0265625
2 0.4890625 0.2796875 0.0125 0.0265625
2 0.503125 0.28046875 0.0140625 0.021875
2 0.47734375 0.28671875 0.015625 0.025
2 0.40859375 0.296875 0.0125 0.03125
2 0.446875 0.29140625 0.0140625 0.028125
0 0.52890625 0.23671875 0.0078125 0.0125