2 0.45390625 0.509375 0.0328125 0.0609375
2 0.3328125 0.4890625 0.0296875 0.0578125
2 0.3421875 0.4375 0.028125 0.059375
2 0.6609375 0.49140625 0.03125 0.0609375
2 0.50625 0.4640625 0.028125 0.059375
2 0.56796875 0.50234375 0.028125 0.0578125
2 0.5765625 0.31015625 0.0171875 0.0328125
0 0.434375 0.45 0.0078125 0.0125
2 0.42578125 0.44375 0.0203125 0.0375
2 0.475 0.30390625 0.0171875 0.0328125
2 0.61640625 0.3328125 0.015625 0.03125
2 0.5421875 0.315625 0.0171875 0.03125
2 0.49609375 0.29296875 0.0125 0.0234375
2 0.48828125 0.29765625 0.0109375 0.0328125
2 0.490625 0.30390625 0.0140625 0.0359375