2 0.5921875 0.334375 0.0125 0.04609375
2 0.56953125 0.365625 0.0125 0.04453125
2 0.48125 0.33984375 0.0109375 0.03203125
2 0.4890625 0.33515625 0.01015625 0.04140625
2 0.41328125 0.325 0.01171875 0.04453125
2 0.4109375 0.35234375 0.0125 0.0453125
0 0.48125 0.3515625 0.00546875 0.009375
2 0.25 0.440625 0.0234375 0.053125
2 0.40234375 0.4765625 0.0171875 0.06796875
2 0.38515625 0.4890625 0.0171875 0.0703125
2 0.5796875 0.46640625 0.01328125 0.05546875
2 0.50625 0.4953125 0.01640625 0.05234375
2 0.5921875 0.49375 0.01953125 0.06171875
2 0.57578125 0.515625 0.01796875 0.06875
2 0.203125 0.42265625 0.0125 0.04921875