2 0.428125 0.37734375 0.0296875 0.0890625
2 0.45546875 0.36171875 0.0265625 0.078125
2 0.43828125 0.31875 0.028125 0.0703125
2 0.48671875 0.29296875 0.0328125 0.06875
2 0.5125 0.24296875 0.025 0.0609375
2 0.54921875 0.34375 0.0296875 0.084375
2 0.55859375 0.3234375 0.025 0.0609375
2 0.55390625 0.20390625 0.01875 0.046875
2 0.53671875 0.240625 0.025 0.0640625
2 0.5296875 0.20546875 0.0140625 0.0375
2 0.67890625 0.26875 0.0265625 0.0671875
2 0.7015625 0.28125 0.028125 0.071875
2 0.90859375 0.3875 0.0640625 0.0953125
2 0.9515625 0.428125 0.0890625 0.1140625