2 0.30625 0.63203125 0.025 0.0640625
2 0.39609375 0.49453125 0.025 0.05859375
2 0.80234375 0.64921875 0.0265625 0.084375
2 0.496875 0.60546875 0.021875 0.071875
2 0.52421875 0.4109375 0.015625 0.0453125
2 0.5515625 0.37109375 0.01484375 0.04453125
2 0.534375 0.565625 0.02265625 0.06953125
2 0.3296875 0.39296875 0.015625 0.04140625
2 0.6375 0.46796875 0.01875 0.05859375
2 0.35 0.38671875 0.01484375 0.04296875
2 0.5375 0.41328125 0.0171875 0.04296875
2 0.78203125 0.63515625 0.02890625 0.078125
2 0.64140625 0.4359375 0.01796875 0.03984375
2 0.56953125 0.36953125 0.0140625 0.05