0 0.665625 0.41484375 0.01484375 0.015625
2 0.6765625 0.59609375 0.0359375 0.096875
2 0.6125 0.64453125 0.0375 0.06640625
2 0.359375 0.53515625 0.03046875 0.07890625
2 0.14296875 0.63125 0.03828125 0.121875
2 0.16875 0.63671875 0.04296875 0.115625
2 0.71640625 0.50546875 0.03125 0.08046875
2 0.46875 0.80859375 0.04921875 0.146875
2 0.57421875 0.30703125 0.0171875 0.0359375
2 0.28515625 0.5125 0.03984375 0.10625
2 0.5359375 0.31796875 0.01796875 0.046875
2 0.5046875 0.353125 0.01953125 0.046875
2 0.3390625 0.34765625 0.01328125 0.05390625
2 0.5171875 0.3421875 0.0140625 0.0484375
2 0.33046875 0.34296875 0.01171875 0.04921875