2 0.4890625 0.8546875 0.0265625 0.1
2 0.50859375 0.73828125 0.0296875 0.10234375
2 0.5640625 0.496875 0.025 0.078125
2 0.5703125 0.465625 0.01875 0.075
2 0.7265625 0.23046875 0.015625 0.046875
2 0.7140625 0.2171875 0.0171875 0.05
2 0.64609375 0.278125 0.0171875 0.05234375
2 0.64296875 0.265625 0.01640625 0.046875
2 0.60859375 0.2625 0.01875 0.05546875
2 0.5453125 0.284375 0.021875 0.03125
2 0.3359375 0.26484375 0.0078125 0.04765625
2 0.340625 0.24609375 0.0140625 0.05390625
2 0.48359375 0.24140625 0.01640625 0.053125
2 0.4765625 0.271875 0.0140625 0.05
0 0.528125 0.2953125 0.00859375 0.01015625