2 0.3890625 0.57578125 0.02265625 0.05703125
2 0.5734375 0.56171875 0.01953125 0.05390625
2 0.5109375 0.54765625 0.01953125 0.0515625
2 0.4640625 0.54921875 0.02109375 0.0515625
2 0.53359375 0.5484375 0.01484375 0.0390625
2 0.59140625 0.534375 0.01875 0.0484375
2 0.54453125 0.32578125 0.0109375 0.02109375
2 0.51328125 0.33046875 0.0125 0.021875
2 0.575 0.325 0.00625 0.028125
2 0.58046875 0.32578125 0.00703125 0.0234375
0 0.43359375 0.2984375 0.00625 0.00859375
2 0.46171875 0.32734375 0.0078125 0.025
2 0.49765625 0.3296875 0.009375 0.028125
2 0.50234375 0.3234375 0.00703125 0.0234375
2 0.534375 0.5859375 0.01640625 0.06328125