2 0.646875 0.6609375 0.046875 0.0890625
2 0.6734375 0.44453125 0.04375 0.0828125
2 0.796875 0.67265625 0.0609375 0.0859375
2 0.71796875 0.35546875 0.0359375 0.059375
2 0.55390625 0.55 0.0421875 0.0796875
2 0.6625 0.8796875 0.0484375 0.0828125
2 0.62265625 0.5203125 0.0515625 0.0890625
2 0.62421875 0.47734375 0.0421875 0.071875
2 0.7734375 0.3578125 0.0375 0.0640625
2 0.43125 0.45625 0.0515625 0.0828125
2 0.415625 0.41875 0.0390625 0.0625
2 0.67265625 0.73515625 0.046875 0.06875
0 0.9 0.45234375 0.01875 0.025
2 0.68515625 0.43828125 0.0328125 0.075