2 0.275 0.2875 0.0296875 0.0484375
2 0.8390625 0.43125 0.03125 0.0640625
2 0.18359375 0.29296875 0.0265625 0.059375
2 0.4109375 0.3046875 0.028125 0.0640625
2 0.48515625 0.31796875 0.021875 0.0515625
2 0.46171875 0.36484375 0.0265625 0.05625
2 0.5515625 0.46015625 0.03125 0.071875
2 0.42890625 0.1890625 0.025 0.0453125
2 0.515625 0.38046875 0.03125 0.0640625
2 0.64765625 0.378125 0.0296875 0.06875
2 0.40546875 0.171875 0.01875 0.0421875
2 0.746875 0.3890625 0.0296875 0.059375
2 0.43515625 0.30078125 0.025 0.0734375
2 0.2046875 0.26796875 0.025 0.065625