2 0.6328125 0.41328125 0.025 0.06875
2 0.39609375 0.3625 0.021875 0.0546875
2 0.4875 0.4484375 0.0265625 0.0671875
2 0.84765625 0.528125 0.0390625 0.0984375
2 0.33828125 0.71484375 0.04375 0.1234375
2 0.52265625 0.39765625 0.025 0.0609375
2 0.76171875 0.403125 0.025 0.0625
2 0.903125 0.52890625 0.0421875 0.1078125
2 0.38125 0.42421875 0.0234375 0.0703125
2 0.68515625 0.5515625 0.0328125 0.090625
2 0.7125 0.546875 0.0296875 0.0859375
2 0.30546875 0.65859375 0.0328125 0.115625
0 0.52265625 0.40859375 0.00625 0.0140625