2 0.6421875 0.54296875 0.0453125 0.075
2 0.18359375 0.53984375 0.05 0.0859375
2 0.5390625 0.33203125 0.025 0.04375
2 0.71171875 0.67890625 0.0421875 0.071875
2 0.5109375 0.62265625 0.0421875 0.084375
2 0.45703125 0.2859375 0.0234375 0.0421875
2 0.39765625 0.365625 0.0296875 0.05625
2 0.47265625 0.565625 0.0390625 0.0765625
2 0.4328125 0.28671875 0.0265625 0.0421875
2 0.56171875 0.33125 0.0265625 0.0421875
2 0.65078125 0.39296875 0.025 0.04375
2 0.16171875 0.56171875 0.0453125 0.0890625
2 0.396875 0.3421875 0.0203125 0.0375
2 0.6484375 0.378125 0.01875 0.0359375