2 0.67421875 0.284375 0.034375 0.05625
2 0.6390625 0.27265625 0.03125 0.0578125
2 0.5046875 0.2453125 0.0234375 0.059375
2 0.4859375 0.27421875 0.028125 0.0703125
2 0.65234375 0.328125 0.03125 0.0734375
2 0.41171875 0.2765625 0.028125 0.065625
2 0.453125 0.259375 0.0234375 0.0640625
2 0.453125 0.228125 0.028125 0.05625
2 0.42890625 0.26875 0.025 0.06875
2 0.4296875 0.2375 0.0234375 0.0546875
2 0.66484375 0.3375 0.0359375 0.0796875
2 0.63671875 0.23515625 0.0296875 0.0578125
0 0.6640625 0.22578125 0.0125 0.0171875
2 0.475 0.2421875 0.021875 0.0515625
2 0.50703125 0.23203125 0.01875 0.0515625