2 0.56796875 0.2890625 0.03125 0.0609375
2 0.6140625 0.296875 0.0296875 0.053125
2 0.503125 0.20390625 0.0125 0.0375
2 0.42421875 0.2421875 0.0234375 0.0609375
2 0.45625 0.23203125 0.025 0.059375
2 0.4765625 0.19375 0.015625 0.046875
2 0.5890625 0.28125 0.025 0.0578125
2 0.64609375 0.3046875 0.025 0.0671875
2 0.66171875 0.3109375 0.0359375 0.0609375
0 0.67421875 0.3015625 0.0109375 0.015625
2 0.4953125 0.21640625 0.0171875 0.05625
2 0.5046875 0.24375 0.028125 0.0671875
2 0.47578125 0.22421875 0.015625 0.0578125
2 0.453125 0.19453125 0.01875 0.0375