2 0.37421875 0.33671875 0.0296875 0.04296875
2 0.33125 0.309375 0.01796875 0.0515625
2 0.271875 0.46171875 0.02734375 0.065625
2 0.8234375 0.58515625 0.03203125 0.0875
2 0.96328125 0.603125 0.034375 0.09140625
2 0.3953125 0.609375 0.0296875 0.07890625
2 0.3953125 0.28671875 0.01953125 0.04296875
2 0.275 0.365625 0.02890625 0.0625
2 0.4359375 0.58359375 0.0265625 0.071875
2 0.2390625 0.36953125 0.02734375 0.0609375
2 0.3109375 0.29140625 0.0171875 0.04453125
2 0.315625 0.48515625 0.02578125 0.06796875
2 0.50078125 0.53125 0.021875 0.0796875
2 0.48359375 0.51953125 0.021875 0.08203125