2 0.80546875 0.45234375 0.021875 0.0578125
2 0.7140625 0.4140625 0.0265625 0.05625
2 0.284375 0.37421875 0.0234375 0.0609375
2 0.31796875 0.3890625 0.028125 0.0671875
2 0.45625 0.3984375 0.025 0.05
2 0.48203125 0.4109375 0.0234375 0.0515625
2 0.46875 0.56328125 0.0375 0.0671875
2 0.46328125 0.53515625 0.0265625 0.0578125
2 0.56640625 0.665625 0.0328125 0.0875
2 0.86015625 0.79921875 0.0421875 0.0953125
2 0.78046875 0.7671875 0.0375 0.0859375
2 0.56328125 0.7671875 0.040625 0.0734375
2 0.403125 0.68984375 0.034375 0.0859375
2 0.390625 0.69921875 0.0390625 0.084375