2 0.64296875 0.509375 0.0296875 0.0765625
2 0.5109375 0.44296875 0.0296875 0.05859375
2 0.5375 0.75703125 0.0328125 0.09453125
2 0.8609375 0.76171875 0.03671875 0.1015625
2 0.3609375 0.77578125 0.0390625 0.0984375
2 0.40859375 0.71796875 0.03125 0.09140625
2 0.6515625 0.41171875 0.02421875 0.05390625
2 0.32734375 0.41171875 0.0234375 0.065625
2 0.3578125 0.353125 0.02265625 0.0609375
2 0.91953125 0.71015625 0.0390625 0.09609375
2 0.54453125 0.6890625 0.03125 0.08984375
2 0.528125 0.40625 0.02578125 0.06484375
0 0.52265625 0.4 0.01015625 0.01484375