2 0.77109375 0.5921875 0.0328125 0.06875
2 0.553125 0.6078125 0.0328125 0.084375
2 0.20546875 0.6359375 0.0453125 0.078125
2 0.6640625 0.49453125 0.03125 0.071875
2 0.50625 0.2953125 0.0171875 0.0375
2 0.4984375 0.56171875 0.0296875 0.0734375
2 0.53359375 0.2890625 0.0171875 0.034375
2 0.3640625 0.30546875 0.0171875 0.040625
2 0.353125 0.3859375 0.01875 0.053125
2 0.34296875 0.3734375 0.021875 0.05
2 0.553125 0.35703125 0.0203125 0.0421875
2 0.18828125 0.65703125 0.053125 0.0875
0 0.17109375 0.63671875 0.0171875 0.021875
2 0.35078125 0.30859375 0.015625 0.0453125
2 0.55390625 0.33515625 0.0171875 0.03125