2 0.4203125 0.4203125 0.0421875 0.075
2 0.53125 0.821875 0.0578125 0.1125
2 0.384375 0.69140625 0.05 0.109375
2 0.390625 0.65 0.04375 0.078125
2 0.5640625 0.4203125 0.034375 0.0625
2 0.7375 0.38359375 0.034375 0.059375
2 0.69921875 0.3515625 0.0359375 0.0625
2 0.58828125 0.44765625 0.0421875 0.06875
2 0.365625 0.36015625 0.0375 0.06875
2 0.2828125 0.53125 0.0515625 0.0921875
2 0.553125 0.96328125 0.059375 0.0734375
2 0.11796875 0.62265625 0.0546875 0.1078125
2 0.340625 0.26796875 0.0171875 0.0375
2 0.33125 0.2890625 0.025 0.0578125
0 0.58671875 0.440625 0.0109375 0.0171875