2 0.621875 0.525 0.0328125 0.0453125
2 0.6625 0.45546875 0.028125 0.046875
2 0.10703125 0.4921875 0.046875 0.078125
2 0.18515625 0.57265625 0.0421875 0.075
2 0.7734375 0.67265625 0.04375 0.078125
2 0.4625 0.53671875 0.04375 0.084375
2 0.46015625 0.5109375 0.03125 0.0640625
2 0.56328125 0.4453125 0.0375 0.059375
2 0.65703125 0.50703125 0.028125 0.040625
2 0.83984375 0.715625 0.0578125 0.065625
2 0.45859375 0.41875 0.03125 0.05625
2 0.43359375 0.4 0.0296875 0.05625
2 0.55625 0.46796875 0.0328125 0.059375
0 0.54921875 0.43828125 0.009375 0.0125
2 0.67890625 0.4140625 0.0265625 0.05625