2 0.28671875 0.83671875 0.0390625 0.090625
2 0.11640625 0.44453125 0.0359375 0.06953125
2 0.23125 0.459375 0.02890625 0.0609375
2 0.06015625 0.36328125 0.0265625 0.05390625
2 0.325 0.465625 0.0375 0.06640625
2 0.325 0.71953125 0.03671875 0.09453125
2 0.36875 0.40546875 0.02734375 0.0609375
2 0.4875 0.45546875 0.02734375 0.05859375
2 0.51796875 0.46796875 0.0328125 0.0734375
2 0.43828125 0.41171875 0.01953125 0.06640625
2 0.4171875 0.39375 0.02265625 0.05078125
2 0.4203125 0.428125 0.021875 0.06796875
2 0.25234375 0.45625 0.02421875 0.0828125
0 0.23203125 0.4609375 0.01328125 0.01640625