2 0.45078125 0.64296875 0.0421875 0.0859375
2 0.48828125 0.3359375 0.034375 0.065625
2 0.6125 0.74921875 0.04375 0.0828125
2 0.47421875 0.41953125 0.0390625 0.0609375
2 0.43515625 0.3984375 0.0375 0.0609375
2 0.25859375 0.546875 0.0390625 0.090625
2 0.3890625 0.63359375 0.0390625 0.0828125
2 0.51796875 0.30078125 0.028125 0.059375
2 0.6 0.35703125 0.0265625 0.0609375
2 0.39765625 0.30546875 0.0328125 0.059375
2 0.621875 0.80625 0.0453125 0.0953125
2 0.26171875 0.48984375 0.040625 0.0671875
2 0.4109375 0.321875 0.03125 0.05
2 0.6078125 0.3296875 0.0203125 0.0453125