2 0.55625 0.68515625 0.03046875 0.084375
2 0.4296875 0.74609375 0.03125 0.078125
2 0.2828125 0.67890625 0.0296875 0.071875
2 0.19453125 0.42265625 0.0171875 0.05703125
2 0.1921875 0.7015625 0.03359375 0.0640625
2 0.28515625 0.403125 0.0203125 0.0484375
2 0.3921875 0.76328125 0.028125 0.08203125
2 0.65390625 0.35546875 0.0171875 0.05546875
2 0.5296875 0.44921875 0.02109375 0.06796875
2 0.5046875 0.39453125 0.01796875 0.04453125
2 0.63515625 0.35546875 0.0171875 0.053125
2 0.52421875 0.38984375 0.0171875 0.04609375
2 0.55 0.43828125 0.01875 0.06171875
2 0.54140625 0.7375 0.02421875 0.10703125