2 0.11328125 0.36171875 0.0265625 0.05390625
2 0.2296875 0.46484375 0.0296875 0.06640625
2 0.1515625 0.42265625 0.02890625 0.06796875
2 0.41796875 0.4953125 0.03125 0.0734375
2 0.2421875 0.8765625 0.03671875 0.0890625
2 0.34609375 0.76328125 0.03125 0.09296875
2 0.30390625 0.4453125 0.0265625 0.0625
2 0.415625 0.42890625 0.0234375 0.05546875
2 0.4578125 0.49296875 0.02734375 0.06640625
2 0.35 0.41796875 0.03203125 0.078125
2 0.45859375 0.43984375 0.01953125 0.05859375
2 0.25078125 0.4484375 0.021875 0.075
0 0.225 0.465625 0.0109375 0.01875