2 0.73828125 0.67421875 0.0640625 0.1015625
2 0.6453125 0.45390625 0.0515625 0.0765625
2 0.70390625 0.64453125 0.0703125 0.1125
2 0.396875 0.6140625 0.0640625 0.1
2 0.42578125 0.4390625 0.0484375 0.0859375
2 0.465625 0.40859375 0.040625 0.0671875
2 0.53828125 0.42890625 0.0390625 0.0671875
2 0.5296875 0.47109375 0.0421875 0.096875
2 0.396875 0.68359375 0.084375 0.1421875
2 0.546875 0.703125 0.078125 0.1328125
2 0.5375 0.753125 0.084375 0.140625
0 0.56640625 0.70390625 0.021875 0.0359375
2 0.6328125 0.43203125 0.0421875 0.0734375
2 0.4609375 0.28515625 0.040625 0.0703125
2 0.44375 0.296875 0.04375 0.071875