2 0.846875 0.51640625 0.05 0.0890625
2 0.89375 0.7515625 0.0765625 0.1375
2 0.846875 0.4171875 0.0453125 0.075
2 0.92734375 0.5234375 0.0609375 0.1
2 0.2984375 0.45390625 0.075 0.1203125
2 0.890625 0.45 0.053125 0.0828125
2 0.6171875 0.66953125 0.0703125 0.1296875
2 0.67265625 0.50859375 0.0453125 0.0703125
2 0.6828125 0.34765625 0.0421875 0.065625
0 0.025 0.49140625 0.03125 0.0328125
2 0.65859375 0.57890625 0.059375 0.1
2 0.7265625 0.3640625 0.0453125 0.0765625
2 0.346875 0.475 0.0578125 0.103125