2 0.42890625 0.5953125 0.040625 0.0703125
2 0.53828125 0.58828125 0.0421875 0.0734375
2 0.784375 0.7328125 0.0484375 0.0921875
2 0.45859375 0.578125 0.0421875 0.0765625
2 0.571875 0.52890625 0.034375 0.06875
2 0.58984375 0.51875 0.034375 0.06875
2 0.44296875 0.67578125 0.0421875 0.0828125
2 0.51796875 0.53359375 0.0328125 0.0625
2 0.37890625 0.5328125 0.03125 0.06875
2 0.4921875 0.58203125 0.0421875 0.078125
0 0.54453125 0.575 0.0140625 0.01875
2 0.48359375 0.5515625 0.0328125 0.0453125
2 0.39375 0.52421875 0.0328125 0.071875