2 0.8921875 0.37734375 0.03125 0.078125
2 0.87421875 0.4078125 0.0390625 0.0765625
2 0.59375 0.55234375 0.0359375 0.075
2 0.5390625 0.59453125 0.028125 0.0875
2 0.4953125 0.61171875 0.0390625 0.0734375
2 0.49921875 0.53359375 0.034375 0.08125
2 0.25078125 0.4765625 0.03125 0.0703125
2 0.27734375 0.46953125 0.0296875 0.0890625
2 0.3765625 0.44375 0.034375 0.08125
2 0.3703125 0.40703125 0.0296875 0.075
2 0.58046875 0.3671875 0.0296875 0.075
2 0.59921875 0.340625 0.0265625 0.0625
2 0.603125 0.2921875 0.021875 0.05
2 0.603125 0.2859375 0.0171875 0.05
0 0.25546875 0.46953125 0.0109375 0.0171875