2 0.4609375 0.4109375 0.0296875 0.0515625
2 0.35859375 0.43359375 0.034375 0.0578125
2 0.47578125 0.371875 0.0234375 0.0359375
2 0.58359375 0.56328125 0.034375 0.059375
2 0.546875 0.33203125 0.021875 0.034375
2 0.48203125 0.50625 0.0359375 0.0625
2 0.59453125 0.45703125 0.0296875 0.05
2 0.284375 0.43828125 0.034375 0.0625
2 0.4640625 0.340625 0.0234375 0.0453125
2 0.49921875 0.33984375 0.021875 0.04375
2 0.565625 0.359375 0.0203125 0.0359375
2 0.57421875 0.378125 0.025 0.0515625
2 0.4859375 0.34296875 0.0171875 0.0375
2 0.46875 0.44609375 0.025 0.0578125
0 0.28125 0.46484375 0.009375 0.0125