2 0.32734375 0.55 0.0328125 0.0890625
2 0.32578125 0.44140625 0.03125 0.0578125
2 0.10546875 0.54140625 0.0328125 0.09375
2 0.27578125 0.46640625 0.028125 0.075
2 0.58125 0.3953125 0.0296875 0.071875
2 0.44453125 0.2625 0.021875 0.0515625
2 0.45234375 0.3546875 0.0296875 0.05625
2 0.725 0.25 0.025 0.053125
2 0.16875 0.5140625 0.0328125 0.078125
2 0.346875 0.228125 0.01875 0.046875
2 0.33125 0.23125 0.01875 0.0515625
2 0.74609375 0.24921875 0.0234375 0.0734375
2 0.4484375 0.234375 0.0140625 0.03125
2 0.28828125 0.428125 0.028125 0.075
0 0.28125 0.4640625 0.0125 0.0140625