2 0.159375 0.578125 0.05625 0.103125
2 0.42421875 0.45234375 0.04375 0.0734375
2 0.45703125 0.4921875 0.0453125 0.0828125
2 0.28125 0.47109375 0.05 0.0921875
2 0.62578125 0.353125 0.0390625 0.0734375
2 0.8171875 0.3078125 0.0359375 0.0625
2 0.65390625 0.36328125 0.0390625 0.071875
2 0.334375 0.225 0.0328125 0.0609375
2 0.859375 0.33125 0.0328125 0.065625
2 0.35703125 0.228125 0.03125 0.0546875
2 0.084375 0.575 0.0625 0.0984375
2 0.49140625 0.24296875 0.0234375 0.04375
2 0.303125 0.4734375 0.04375 0.0875
0 0.27265625 0.4375 0.01875 0.025
2 0.496875 0.25703125 0.0265625 0.040625