2 0.48671875 0.69296875 0.0484375 0.0890625
2 0.62421875 0.72421875 0.0484375 0.0828125
2 0.7515625 0.62578125 0.0453125 0.0765625
2 0.78046875 0.35625 0.0296875 0.059375
2 0.8453125 0.62734375 0.046875 0.0703125
2 0.6875 0.35703125 0.03125 0.0515625
2 0.6640625 0.73203125 0.0453125 0.0859375
2 0.3171875 0.39375 0.0296875 0.0578125
2 0.459375 0.45703125 0.0359375 0.0703125
2 0.471875 0.3984375 0.028125 0.046875
2 0.3359375 0.38984375 0.028125 0.05625
2 0.4515625 0.3984375 0.0265625 0.0484375
2 0.4375 0.45078125 0.0328125 0.0640625
2 0.51328125 0.740625 0.0484375 0.109375