2 0.575 0.33125 0.025 0.05625
2 0.08359375 0.471875 0.0421875 0.0828125
2 0.25 0.40625 0.025 0.06875
2 0.41328125 0.63359375 0.034375 0.0828125
2 0.60234375 0.4421875 0.0296875 0.075
2 0.60859375 0.6234375 0.0359375 0.0984375
2 0.5140625 0.4 0.0328125 0.0578125
2 0.6234375 0.3328125 0.0265625 0.05625
2 0.22109375 0.27890625 0.01875 0.0546875
2 0.321875 0.21796875 0.01875 0.046875
2 0.340625 0.221875 0.0203125 0.0515625
0 0.49453125 0.43828125 0.0140625 0.015625
2 0.396875 0.5796875 0.021875 0.1046875
2 0.58515625 0.5828125 0.0328125 0.109375
2 0.2125 0.2765625 0.0125 0.0625