2 0.5609375 0.47421875 0.02109375 0.05703125
2 0.4171875 0.49765625 0.02421875 0.059375
2 0.4234375 0.76640625 0.03515625 0.11953125
2 0.2734375 0.93515625 0.0359375 0.1265625
2 0.446875 0.41328125 0.015625 0.040625
2 0.471875 0.41328125 0.0125 0.04296875
2 0.4890625 0.41171875 0.01484375 0.0484375
2 0.40390625 0.43828125 0.01640625 0.0484375
2 0.415625 0.434375 0.01953125 0.04296875
2 0.5125 0.42421875 0.01171875 0.05078125
2 0.52109375 0.4234375 0.01171875 0.0515625
2 0.46015625 0.39921875 0.015625 0.03671875