2 0.33984375 0.63515625 0.0453125 0.0765625
2 0.35390625 0.778125 0.05625 0.1
2 0.65625 0.60078125 0.040625 0.0625
2 0.34453125 0.425 0.0375 0.0609375
2 0.746875 0.71640625 0.05 0.08125
2 0.4078125 0.89296875 0.0765625 0.109375
2 0.51015625 0.48203125 0.040625 0.0734375
2 0.2515625 0.67421875 0.0484375 0.0875
2 0.490625 0.42734375 0.0375 0.065625
2 0.33125 0.3921875 0.0375 0.065625
2 0.6453125 0.4765625 0.0328125 0.059375
2 0.68828125 0.9828125 0.0640625 0.034375
2 0.73125 0.9890625 0.065625 0.021875
2 0.62421875 0.47734375 0.040625 0.0734375
0 0.6703125 0.46953125 0.015625 0.0171875