2 0.4921875 0.55390625 0.03203125 0.078125
2 0.55 0.26015625 0.02265625 0.04296875
2 0.365625 0.56328125 0.03984375 0.0734375
2 0.1890625 0.34765625 0.034375 0.0734375
2 0.3140625 0.29765625 0.028125 0.065625
2 0.69375 0.69921875 0.04296875 0.1015625
2 0.53046875 0.696875 0.0375 0.109375
2 0.36875 0.29296875 0.03125 0.0640625
2 0.7921875 0.37890625 0.02578125 0.0609375
2 0.14375 0.334375 0.02578125 0.06796875
2 0.41875 0.56171875 0.04453125 0.0734375
2 0.81171875 0.38359375 0.02265625 0.08203125
2 0.565625 0.284375 0.0171875 0.05390625
2 0.7265625 0.80546875 0.034375 0.146875
0 0.5359375 0.65859375 0.01484375 0.01640625