2 0.62578125 0.56171875 0.025 0.065625
2 0.55625 0.534375 0.02421875 0.065625
2 0.4171875 0.58515625 0.02421875 0.06796875
2 0.70625 0.584375 0.02578125 0.0625
2 0.46875 0.5953125 0.02578125 0.065625
2 0.30078125 0.56640625 0.025 0.08046875
2 0.5046875 0.57265625 0.0234375 0.06796875
2 0.4203125 0.290625 0.01171875 0.028125
2 0.50625 0.28203125 0.01015625 0.025
2 0.53125 0.28203125 0.0078125 0.025
2 0.5453125 0.28515625 0.01015625 0.02109375
2 0.51875 0.28671875 0.0109375 0.0234375
2 0.44921875 0.2828125 0.00703125 0.03125
2 0.4875 0.28515625 0.009375 0.0265625
0 0.57890625 0.246875 0.00625 0.0109375