2 0.390625 0.39609375 0.0203125 0.04375
2 0.39296875 0.39609375 0.0171875 0.0546875
2 0.46015625 0.42265625 0.0234375 0.0546875
2 0.55859375 0.42421875 0.021875 0.053125
0 0.38984375 0.36953125 0.0046875 0.0140625
2 0.4953125 0.50234375 0.028125 0.0671875
2 0.46875 0.51484375 0.0265625 0.0796875
2 0.21484375 0.5484375 0.0296875 0.0828125
2 0.16328125 0.615625 0.03125 0.078125
2 0.51640625 0.5640625 0.0296875 0.08125
2 0.53828125 0.6546875 0.0328125 0.09375
2 0.7921875 0.66328125 0.0296875 0.0921875
2 0.778125 0.696875 0.0328125 0.096875
2 0.021875 0.82734375 0.04375 0.1453125