2 0.44375 0.2 0.01875 0.046875
2 0.4171875 0.19921875 0.0125 0.0390625
2 0.39765625 0.23046875 0.0140625 0.053125
2 0.3890625 0.22890625 0.015625 0.0546875
2 0.37109375 0.26640625 0.0171875 0.0609375
2 0.33203125 0.31796875 0.015625 0.0734375
2 0.31171875 0.32421875 0.021875 0.075
2 0.30859375 0.3015625 0.021875 0.075
2 0.4140625 0.3140625 0.0203125 0.078125
2 0.42890625 0.30390625 0.0234375 0.0671875
2 0.5203125 0.24140625 0.0171875 0.0609375
2 0.5296875 0.2578125 0.015625 0.0625
2 0.7875 0.35859375 0.0390625 0.084375
2 0.7765625 0.34140625 0.034375 0.0859375
0 0.79921875 0.28984375 0.0171875 0.015625