2 0.38046875 0.4078125 0.015625 0.0421875
2 0.3828125 0.4078125 0.01171875 0.053125
2 0.45234375 0.42734375 0.01875 0.053125
2 0.55 0.41875 0.0171875 0.0515625
0 0.3765625 0.38203125 0.003125 0.0140625
2 0.4953125 0.503125 0.02109375 0.065625
2 0.4703125 0.51796875 0.01875 0.07890625
2 0.22109375 0.578125 0.02109375 0.08046875
2 0.17734375 0.65 0.0234375 0.0765625
2 0.52265625 0.56171875 0.021875 0.07890625
2 0.55390625 0.65 0.0234375 0.09140625
2 0.8078125 0.63203125 0.0203125 0.08984375
2 0.796875 0.66640625 0.0234375 0.0953125
2 0.04296875 0.878125 0.06015625 0.1390625