2 0.6796875 0.61171875 0.0296875 0.08203125
2 0.74375 0.65546875 0.03359375 0.0890625
2 0.2484375 0.52890625 0.02890625 0.071875
2 0.509375 0.490625 0.02578125 0.065625
2 0.325 0.29296875 0.025 0.05546875
2 0.3453125 0.459375 0.02734375 0.07109375
2 0.275 0.31328125 0.01953125 0.05390625
2 0.40625 0.34296875 0.02421875 0.05859375
2 0.38125 0.29765625 0.02109375 0.059375
2 0.6515625 0.28046875 0.02421875 0.04453125
2 0.6765625 0.29765625 0.02109375 0.0515625
2 0.58046875 0.46328125 0.0234375 0.06796875
2 0.5203125 0.54921875 0.03203125 0.0515625
2 0.56953125 0.465625 0.01484375 0.075
0 0.5828125 0.46171875 0.0109375 0.01171875