2 0.63203125 0.3640625 0.0234375 0.0484375
2 0.6015625 0.38828125 0.0234375 0.046875
2 0.5234375 0.340625 0.01875 0.034375
2 0.53203125 0.33828125 0.0203125 0.0421875
2 0.46171875 0.30859375 0.0234375 0.0453125
2 0.45234375 0.334375 0.0234375 0.046875
0 0.5203125 0.3515625 0.0078125 0.0109375
2 0.27421875 0.378125 0.0359375 0.0578125
2 0.41171875 0.45234375 0.034375 0.0703125
2 0.3921875 0.459375 0.034375 0.071875
2 0.5859375 0.48828125 0.0265625 0.05625
2 0.50703125 0.496875 0.0296875 0.0546875
2 0.590625 0.51796875 0.034375 0.0640625
2 0.56953125 0.534375 0.034375 0.0703125
2 0.23359375 0.3484375 0.025 0.05