2 0.46171875 0.853125 0.040625 0.103125
2 0.45859375 0.73515625 0.04375 0.10625
2 0.43671875 0.48828125 0.0359375 0.08125
2 0.43515625 0.45625 0.0296875 0.0765625
2 0.31328125 0.2015625 0.021875 0.0484375
2 0.32734375 0.18984375 0.0234375 0.0515625
2 0.3859375 0.26015625 0.025 0.0546875
2 0.39140625 0.24765625 0.0234375 0.0484375
2 0.42578125 0.25 0.0265625 0.0578125
2 0.48515625 0.28046875 0.0265625 0.034375
2 0.6953125 0.28984375 0.0140625 0.0484375
2 0.69296875 0.27109375 0.021875 0.0546875
2 0.55234375 0.24609375 0.0234375 0.0546875
2 0.5546875 0.27734375 0.0203125 0.0515625
0 0.50078125 0.29375 0.009375 0.0109375