2 0.3046875 0.6359375 0.02734375 0.11328125
2 0.328125 0.57265625 0.03515625 0.090625
2 0.6921875 0.50546875 0.03203125 0.078125
2 0.7359375 0.45078125 0.02578125 0.06796875
2 0.6453125 0.46171875 0.0265625 0.059375
2 0.4265625 0.440625 0.028125 0.0765625
2 0.4671875 0.4140625 0.02734375 0.0609375
2 0.6 0.4703125 0.02421875 0.059375
2 0.6171875 0.678125 0.03671875 0.0890625
2 0.54296875 0.35859375 0.0171875 0.05
2 0.3609375 0.33828125 0.01875 0.0515625
2 0.5609375 0.3515625 0.01875 0.046875
2 0.60625 0.62890625 0.03359375 0.06796875
2 0.375 0.321875 0.0171875 0.0546875
0 0.6078125 0.6703125 0.01171875 0.021875