2 0.96171875 0.428125 0.0515625 0.09375
2 0.87421875 0.62265625 0.05625 0.1109375
2 0.48671875 0.39765625 0.034375 0.0671875
2 0.340625 0.4078125 0.03125 0.0578125
2 0.55390625 0.334375 0.025 0.05
2 0.56875 0.5921875 0.05 0.109375
2 0.33125 0.5546875 0.040625 0.0890625
2 0.31328125 0.52578125 0.03125 0.0828125
2 0.30859375 0.46796875 0.03125 0.0640625
2 0.27890625 0.5484375 0.0359375 0.084375
2 0.26171875 0.52734375 0.03125 0.071875
2 0.5828125 0.39375 0.0296875 0.0671875
2 0.59765625 0.52890625 0.0453125 0.1046875
2 0.25546875 0.41171875 0.0234375 0.0515625
0 0.33671875 0.4109375 0.009375 0.0125