2 0.71171875 0.321875 0.025 0.053125
2 0.6796875 0.303125 0.02109375 0.05546875
2 0.553125 0.25078125 0.01171875 0.05859375
2 0.52890625 0.27578125 0.015625 0.06796875
2 0.68203125 0.36015625 0.01875 0.07109375
2 0.45625 0.2640625 0.01640625 0.0640625
2 0.5 0.2546875 0.01171875 0.06328125
2 0.50546875 0.22421875 0.01875 0.05390625
2 0.47421875 0.259375 0.01171875 0.0671875
2 0.48125 0.22890625 0.01328125 0.053125
2 0.69296875 0.371875 0.021875 0.0765625
2 0.684375 0.26640625 0.01953125 0.0546875
0 0.71328125 0.26171875 0.01015625 0.015625
2 0.525 0.2421875 0.01328125 0.04921875
2 0.5578125 0.23828125 0.00859375 0.0515625