2 0.75 0.603125 0.03125 0.08125
2 0.28671875 0.628125 0.0421875 0.0765625
2 0.60703125 0.31484375 0.0140625 0.0484375
2 0.0171875 0.48515625 0.034375 0.059375
2 0.69140625 0.446875 0.0265625 0.0703125
2 0.06875 0.490625 0.0359375 0.0578125
2 0.31875 0.33984375 0.021875 0.0484375
2 0.71875 0.61953125 0.0375 0.0875
2 0.05 0.38515625 0.0296875 0.05
2 0.6171875 0.43046875 0.0296875 0.0609375
2 0.025 0.35703125 0.021875 0.0515625
2 0.340625 0.32578125 0.0203125 0.0484375
2 0.3015625 0.59375 0.0296875 0.0875
0 0.1640625 0.290625 0.015625 0.0171875
2 0.5953125 0.3296875 0.0234375 0.0515625