2 0.803125 0.365625 0.0171875 0.0359375
2 0.83125 0.378125 0.0171875 0.03046875
2 0.8546875 0.39921875 0.0109375 0.0375
2 0.86484375 0.41015625 0.0109375 0.0359375
2 0.8734375 0.42578125 0.0125 0.0328125
2 0.88671875 0.43046875 0.0125 0.0390625
2 0.94609375 0.49140625 0.02578125 0.0390625
0 0.95234375 0.48671875 0.01015625 0.01171875
2 0.11640625 0.37265625 0.0109375 0.04140625
2 0.10546875 0.3984375 0.0140625 0.04140625
2 0.071875 0.43359375 0.009375 0.046875
2 0.07890625 0.42890625 0.0109375 0.046875
2 0.0859375 0.41875 0.01015625 0.03984375
2 0.09296875 0.41015625 0.00625 0.03671875
2 0.05703125 0.4609375 0.01484375 0.0484375