2 0.55859375 0.5171875 0.034375 0.06875
2 0.37890625 0.74140625 0.0375 0.0875
2 0.4984375 0.45859375 0.0328125 0.065625
2 0.46171875 0.31796875 0.0265625 0.0546875
2 0.453125 0.7296875 0.0390625 0.0953125
2 0.56953125 0.3125 0.021875 0.05625
2 0.43515625 0.871875 0.040625 0.1125
2 0.47890625 0.284375 0.0234375 0.0453125
2 0.3390625 0.35859375 0.0234375 0.053125
2 0.2421875 0.41484375 0.0265625 0.053125
2 0.35625 0.34765625 0.025 0.05625
2 0.56171875 0.29453125 0.0171875 0.059375
2 0.23515625 0.3921875 0.0171875 0.03125
2 0.40703125 0.9140625 0.0640625 0.115625