2 0.3640625 0.60390625 0.0484375 0.10625
2 0.140625 0.65 0.0546875 0.1234375
2 0.2109375 0.6265625 0.046875 0.10625
2 0.28515625 0.39921875 0.0296875 0.0578125
2 0.215625 0.84921875 0.0625 0.1359375
2 0.54609375 0.403125 0.0296875 0.0640625
2 0.60390625 0.3125 0.021875 0.0453125
2 0.3703125 0.31875 0.0234375 0.046875
2 0.56171875 0.34765625 0.025 0.0546875
2 0.44375 0.271875 0.0171875 0.0390625
2 0.49453125 0.3671875 0.025 0.0515625
2 0.4125 0.27265625 0.0171875 0.0484375
2 0.4046875 0.26796875 0.015625 0.0390625
2 0.5671875 0.31640625 0.0203125 0.05
0 0.38046875 0.20546875 0.009375 0.0140625