2 0.3640625 0.59296875 0.02890625 0.06640625
2 0.5265625 0.41171875 0.025 0.0625
2 0.4640625 0.384375 0.02265625 0.0515625
2 0.41328125 0.53203125 0.0234375 0.071875
2 0.2515625 0.57734375 0.03046875 0.07109375
2 0.253125 0.33984375 0.02109375 0.0484375
2 0.325 0.32421875 0.02421875 0.04296875
2 0.55625 0.33515625 0.01953125 0.05390625
2 0.56953125 0.32265625 0.01328125 0.046875
2 0.5921875 0.30546875 0.01953125 0.04453125
2 0.53046875 0.33671875 0.01875 0.0484375
2 0.578125 0.55234375 0.015625 0.07421875
2 0.58984375 0.5515625 0.01953125 0.06796875
2 0.43515625 0.49140625 0.0203125 0.06171875