2 0.6140625 0.465625 0.015625 0.04453125
2 0.5453125 0.4578125 0.01640625 0.040625
2 0.315625 0.484375 0.01796875 0.04296875
2 0.36015625 0.5515625 0.0265625 0.0640625
2 0.28125 0.51171875 0.02421875 0.05703125
2 0.6796875 0.49609375 0.02109375 0.05546875
2 0.68125 0.696875 0.0265625 0.0734375
2 0.5984375 0.49140625 0.02421875 0.05
2 0.6671875 0.590625 0.025 0.0625
2 0.75546875 0.62890625 0.0265625 0.05859375
2 0.3046875 0.46484375 0.0140625 0.04765625
0 0.3 0.46953125 0.00859375 0.0125
2 0.31640625 0.51953125 0.0203125 0.0578125
2 0.3609375 0.53359375 0.0125 0.0421875
2 0.54765625 0.4875 0.0109375 0.0515625