2 0.31875 0.31171875 0.015625 0.0484375
2 0.33125 0.3296875 0.01640625 0.06015625
2 0.38515625 0.37421875 0.02109375 0.04609375
2 0.3703125 0.3890625 0.01796875 0.05
2 0.4703125 0.38828125 0.01875 0.0546875
2 0.515625 0.37109375 0.01328125 0.0484375
2 0.59921875 0.4546875 0.01953125 0.06484375
2 0.53046875 0.475 0.01953125 0.0640625
2 0.665625 0.68828125 0.0265625 0.090625
2 0.88046875 0.68671875 0.04296875 0.10078125
2 0.52421875 0.83984375 0.02890625 0.084375
2 0.54453125 0.85078125 0.0296875 0.08515625
2 0.165625 0.534375 0.0203125 0.06640625
2 0.18046875 0.55234375 0.03203125 0.08515625
0 0.1703125 0.5234375 0.0046875 0.02421875