2 0.99296875 0.6671875 0.0140625 0.0875
2 0.8921875 0.64453125 0.0515625 0.0890625
2 0.83828125 0.4609375 0.040625 0.096875
2 0.76796875 0.421875 0.0328125 0.0859375
2 0.67109375 0.3265625 0.028125 0.065625
2 0.646875 0.31953125 0.0265625 0.0484375
2 0.55390625 0.41171875 0.0296875 0.0828125
2 0.553125 0.48671875 0.034375 0.0859375
0 0.609375 0.3171875 0.0140625 0.0203125
2 0.3859375 0.3609375 0.0421875 0.06875
2 0.384375 0.38984375 0.034375 0.0734375
2 0.3859375 0.70546875 0.0421875 0.11875
2 0.4421875 0.7640625 0.05 0.13125