2 0.5484375 0.3140625 0.021875 0.046875
2 0.2171875 0.31171875 0.021875 0.04375
2 0.2984375 0.47265625 0.025 0.05625
2 0.5109375 0.30859375 0.0234375 0.04375
2 0.5265625 0.46015625 0.025 0.046875
2 0.59296875 0.41640625 0.025 0.040625
2 0.2734375 0.49921875 0.034375 0.06875
2 0.2859375 0.30546875 0.025 0.0390625
2 0.39140625 0.30546875 0.0234375 0.046875
2 0.44375 0.31640625 0.01875 0.04375
2 0.4765625 0.29921875 0.021875 0.053125
2 0.75859375 0.5203125 0.01875 0.065625
2 0.74296875 0.525 0.0125 0.065625
2 0.37890625 0.31328125 0.015625 0.04375