2 0.6234375 0.4890625 0.01875 0.0640625
2 0.6078125 0.47421875 0.01875 0.0375
2 0.84375 0.703125 0.034375 0.0734375
2 0.44375 0.50859375 0.0234375 0.046875
2 0.40859375 0.68671875 0.0265625 0.071875
2 0.67109375 0.44296875 0.01875 0.046875
2 0.846875 0.57421875 0.0328125 0.071875
2 0.61875 0.41953125 0.01875 0.04375
2 0.3671875 0.45234375 0.021875 0.040625
2 0.8875 0.68359375 0.025 0.078125
2 0.7015625 0.521875 0.025 0.059375
2 0.97265625 0.61328125 0.034375 0.0875
2 0.39765625 0.63828125 0.025 0.06875
2 0.69296875 0.5109375 0.0125 0.0625
0 0.7015625 0.51484375 0.0078125 0.015625