2 0.290625 0.23671875 0.028125 0.053125
2 0.38359375 0.453125 0.0328125 0.0578125
2 0.584375 0.24921875 0.025 0.046875
2 0.48671875 0.2859375 0.028125 0.05625
2 0.61484375 0.215625 0.021875 0.046875
2 0.4140625 0.41328125 0.028125 0.053125
2 0.66015625 0.57265625 0.0375 0.078125
2 0.68671875 0.68203125 0.040625 0.10625
2 0.74296875 0.26484375 0.0234375 0.0421875
2 0.46796875 0.50703125 0.034375 0.084375
2 0.26484375 0.24765625 0.01875 0.0640625
2 0.49375 0.3171875 0.0234375 0.05625
2 0.484375 0.51796875 0.0375 0.075
0 0.4921875 0.5109375 0.0109375 0.0140625
2 0.75625 0.278125 0.0203125 0.0515625