2 0.41328125 0.61953125 0.0359375 0.096875
2 0.64375 0.421875 0.02578125 0.0734375
2 0.83125 0.59296875 0.03515625 0.08359375
2 0.325 0.36328125 0.02109375 0.08359375
2 0.340625 0.31171875 0.0234375 0.065625
2 0.5546875 0.38671875 0.0296875 0.065625
2 0.51484375 0.64921875 0.0359375 0.1015625
2 0.65390625 0.34921875 0.025 0.059375
2 0.5875 0.34296875 0.02578125 0.0609375
2 0.90625 0.5703125 0.03671875 0.084375
2 0.5375 0.5796875 0.0265625 0.10234375
2 0.3875 0.67734375 0.02890625 0.121875
0 0.58203125 0.34765625 0.0078125 0.015625