2 0.40625 0.43671875 0.0296875 0.07109375
2 0.5921875 0.81015625 0.03828125 0.10703125
2 0.4234375 0.71015625 0.03046875 0.10625
2 0.42109375 0.66796875 0.0296875 0.07421875
2 0.54765625 0.409375 0.0234375 0.059375
2 0.7109375 0.340625 0.025 0.05546875
2 0.6671875 0.31640625 0.02578125 0.05859375
2 0.5765625 0.43203125 0.03046875 0.0640625
2 0.34140625 0.38828125 0.025 0.065625
2 0.29296875 0.571875 0.0359375 0.0875
2 0.64296875 0.9546875 0.04375 0.0875
2 0.1484375 0.69296875 0.03515625 0.103125
2 0.29921875 0.30234375 0.01015625 0.03671875
2 0.29375 0.325 0.01484375 0.05546875
0 0.5734375 0.425 0.00859375 0.015625