2 0.5953125 0.34921875 0.02265625 0.0625
2 0.92265625 0.69140625 0.0390625 0.09453125
2 0.67578125 0.64921875 0.0359375 0.08203125
2 0.5109375 0.459375 0.02578125 0.065625
2 0.5796875 0.40234375 0.02265625 0.065625
2 0.14140625 0.76328125 0.0453125 0.109375
2 0.725 0.68359375 0.03203125 0.0890625
2 0.55859375 0.48046875 0.03125 0.0859375
2 0.8296875 0.7328125 0.03125 0.1015625
2 0.2171875 0.76015625 0.03984375 0.1015625
2 0.5375 0.43984375 0.01875 0.0671875
2 0.58828125 0.503125 0.03515625 0.06015625
0 0.75234375 0.5734375 0.01875 0.01953125