2 0.40859375 0.29296875 0.0265625 0.04375
2 0.2453125 0.446875 0.0359375 0.06875
2 0.69375 0.46328125 0.0265625 0.059375
2 0.571875 0.3734375 0.0296875 0.053125
2 0.35625 0.29921875 0.0265625 0.0484375
2 0.33203125 0.35 0.01875 0.046875
2 0.71640625 0.4796875 0.0328125 0.0640625
2 0.2484375 0.55 0.0390625 0.08125
2 0.609375 0.296875 0.015625 0.046875
2 0.59609375 0.303125 0.021875 0.046875
2 0.63515625 0.38359375 0.028125 0.0546875
2 0.3359375 0.3171875 0.021875 0.034375
0 0.60078125 0.31328125 0.009375 0.0078125
2 0.3328125 0.3921875 0.0234375 0.05625
2 0.32109375 0.40390625 0.0203125 0.053125