2 0.3984375 0.51328125 0.0421875 0.084375
2 0.365625 0.50625 0.0390625 0.08125
2 0.31640625 0.790625 0.0484375 0.103125
2 0.4296875 0.46328125 0.0328125 0.0765625
2 0.26484375 0.47734375 0.034375 0.0703125
2 0.22734375 0.4515625 0.03125 0.0703125
2 0.146875 0.33203125 0.0296875 0.059375
2 0.1625 0.8875 0.0515625 0.1046875
2 0.30625 0.4171875 0.0296875 0.0640625
2 0.47265625 0.46328125 0.028125 0.0640625
2 0.3515625 0.4078125 0.0296875 0.0609375
2 0.17734375 0.390625 0.03125 0.071875
2 0.25546875 0.4296875 0.03125 0.0625