2 0.33671875 0.4625 0.0484375 0.0765625
2 0.171875 0.4453125 0.046875 0.0828125
2 0.8203125 0.4234375 0.034375 0.0609375
2 0.85703125 0.546875 0.040625 0.0703125
2 0.86640625 0.396875 0.034375 0.0625
2 0.98671875 0.53828125 0.0265625 0.0734375
2 0.5625 0.5140625 0.0390625 0.0734375
2 0.384375 0.5015625 0.0453125 0.084375
2 0.521875 0.4828125 0.034375 0.065625
2 0.13671875 0.66953125 0.0453125 0.090625
2 0.18046875 0.678125 0.0515625 0.1
2 0.38828125 0.3421875 0.034375 0.065625
0 0.24453125 0.48046875 0.021875 0.0234375
2 0.20078125 0.40390625 0.0515625 0.0796875
2 0.36953125 0.334375 0.0328125 0.059375