2 0.5984375 0.29609375 0.025 0.04375
2 0.75625 0.45546875 0.0328125 0.06875
2 0.3078125 0.45625 0.025 0.0578125
2 0.43203125 0.37109375 0.028125 0.0515625
2 0.65078125 0.30390625 0.025 0.0484375
2 0.6734375 0.35625 0.0171875 0.046875
2 0.284375 0.471875 0.0296875 0.0625
2 0.75 0.55859375 0.0359375 0.0796875
2 0.39765625 0.29296875 0.015625 0.0453125
2 0.4109375 0.3 0.0203125 0.0453125
2 0.36875 0.37890625 0.025 0.0546875
2 0.6703125 0.32265625 0.021875 0.0328125
0 0.40546875 0.31015625 0.009375 0.0078125
2 0.6703125 0.39765625 0.021875 0.0546875
2 0.68203125 0.41015625 0.01875 0.053125