2 0.50390625 0.4390625 0.028125 0.05
2 0.5546875 0.42421875 0.025 0.0484375
2 0.2546875 0.6375 0.0375 0.0671875
2 0.52890625 0.5671875 0.03125 0.0640625
2 0.23203125 0.7640625 0.046875 0.0921875
2 0.55703125 0.6015625 0.0375 0.0734375
2 0.290625 0.5859375 0.03125 0.065625
2 0.78359375 0.53359375 0.040625 0.08125
2 0.4640625 0.51640625 0.028125 0.0609375
2 0.478125 0.50390625 0.03125 0.05625
2 0.75859375 0.5421875 0.0390625 0.075
2 0.41640625 0.43984375 0.025 0.0484375
2 0.428125 0.440625 0.0265625 0.0453125
2 0.25859375 0.84375 0.0453125 0.096875
0 0.3125 0.4015625 0.0140625 0.0203125