2 0.6859375 0.73671875 0.03828125 0.109375
2 0.2453125 0.515625 0.028125 0.078125
2 0.6859375 0.40234375 0.02734375 0.0734375
2 0.30546875 0.84921875 0.0421875 0.134375
2 0.26484375 0.30546875 0.0234375 0.05546875
2 0.16875 0.35703125 0.02578125 0.06953125
2 0.75625 0.384375 0.02421875 0.071875
2 0.4359375 0.259375 0.02421875 0.05390625
2 0.4109375 0.234375 0.0171875 0.05390625
2 0.5453125 0.959375 0.04609375 0.078125
2 0.3828125 0.46796875 0.02578125 0.06640625
2 0.7296875 0.42421875 0.025 0.08203125
2 0.75546875 0.4484375 0.02890625 0.0921875
2 0.36328125 0.4328125 0.0171875 0.07109375
0 0.37421875 0.471875 0.0109375 0.01796875