2 0.50234375 0.35234375 0.0234375 0.0484375
2 0.628125 0.271875 0.0203125 0.034375
2 0.45234375 0.36484375 0.028125 0.0578125
2 0.409375 0.4078125 0.0359375 0.071875
2 0.33359375 0.37421875 0.0328125 0.0703125
2 0.49765625 0.40546875 0.03125 0.0640625
2 0.5609375 0.25703125 0.0203125 0.034375
2 0.5828125 0.39453125 0.021875 0.05625
2 0.59453125 0.25546875 0.0171875 0.0296875
2 0.52265625 0.2390625 0.0171875 0.03125
2 0.503125 0.24453125 0.01875 0.0359375
2 0.50625 0.228125 0.0140625 0.021875
0 0.43828125 0.19609375 0.0109375 0.0109375
2 0.571875 0.40625 0.028125 0.0671875