2 0.67421875 0.45 0.0234375 0.0578125
2 0.6515625 0.4609375 0.025 0.0640625
2 0.5125 0.44765625 0.0234375 0.059375
2 0.4953125 0.44609375 0.021875 0.0515625
2 0.34140625 0.415625 0.034375 0.0609375
2 0.62734375 0.51328125 0.034375 0.065625
2 0.6359375 0.5046875 0.028125 0.059375
2 0.4578125 0.534375 0.034375 0.075
2 0.73671875 0.63671875 0.046875 0.0765625
2 0.69609375 0.6453125 0.04375 0.0875
2 0.91328125 0.76875 0.04375 0.0875
2 0.821875 0.765625 0.0515625 0.0859375
2 0.29765625 0.621875 0.0328125 0.0796875
2 0.27109375 0.6453125 0.0375 0.0890625