2 0.58671875 0.78828125 0.03125 0.1015625
2 0.3734375 0.80546875 0.0359375 0.08046875
2 0.1984375 0.37578125 0.02890625 0.065625
2 0.37578125 0.58828125 0.04375 0.06796875
2 0.77109375 0.42734375 0.0265625 0.059375
2 0.4734375 0.64453125 0.02890625 0.05859375
2 0.63125 0.91953125 0.04375 0.10546875
2 0.22890625 0.753125 0.04375 0.096875
2 0.58671875 0.36796875 0.0234375 0.0609375
2 0.6078125 0.37578125 0.021875 0.065625
2 0.8265625 0.4578125 0.01953125 0.0734375
2 0.59375 0.984375 0.04921875 0.028125
2 0.6109375 0.73125 0.03671875 0.125
2 0.221875 0.37109375 0.02734375 0.07890625