2 0.47421875 0.44453125 0.025 0.0484375
2 0.42109375 0.45 0.021875 0.0484375
2 0.7796875 0.5359375 0.034375 0.0671875
2 0.4984375 0.5734375 0.0265625 0.0640625
2 0.846875 0.64453125 0.040625 0.090625
2 0.48515625 0.615625 0.0328125 0.0734375
2 0.7265625 0.5015625 0.028125 0.0640625
2 0.25 0.6375 0.0359375 0.08125
2 0.53984375 0.5015625 0.0234375 0.0609375
2 0.52109375 0.49609375 0.028125 0.05625
2 0.2765625 0.6359375 0.034375 0.0734375
2 0.5546875 0.41328125 0.021875 0.0484375
2 0.54453125 0.41796875 0.0234375 0.0453125
2 0.85234375 0.728125 0.0390625 0.096875
0 0.63671875 0.33828125 0.0125 0.0203125