2 0.6515625 0.62578125 0.0484375 0.078125
2 0.57265625 0.628125 0.05 0.0859375
2 0.4 0.28125 0.028125 0.0453125
2 0.37421875 0.3 0.0328125 0.0515625
2 0.46953125 0.34375 0.0328125 0.053125
2 0.41953125 0.38046875 0.0375 0.05625
2 0.359375 0.44765625 0.040625 0.0703125
2 0.50625 0.5265625 0.040625 0.0703125
2 0.44609375 0.49609375 0.04375 0.0640625
2 0.38828125 0.4625 0.040625 0.0578125
2 0.70234375 0.36015625 0.03125 0.04375
2 0.78046875 0.396875 0.0328125 0.053125
2 0.42421875 0.4890625 0.0265625 0.0640625
2 0.409375 0.49921875 0.0375 0.0734375