2 0.76953125 0.36484375 0.0328125 0.05625
2 0.72890625 0.30234375 0.0265625 0.0546875
2 0.72578125 0.390625 0.0296875 0.0546875
2 0.4890625 0.3796875 0.0265625 0.05625
2 0.74765625 0.2421875 0.021875 0.0421875
2 0.65078125 0.27421875 0.021875 0.05
2 0.53984375 0.409375 0.0296875 0.0578125
2 0.5796875 0.446875 0.0296875 0.0578125
2 0.61953125 0.26171875 0.0234375 0.0484375
2 0.50859375 0.340625 0.021875 0.0484375
2 0.7171875 0.24375 0.0203125 0.0453125
2 0.7046875 0.321875 0.0234375 0.053125
2 0.565625 0.28671875 0.021875 0.0453125
0 0.50390625 0.4140625 0.0109375 0.009375
2 0.56796875 0.26953125 0.0109375 0.034375