2 0.95703125 0.5984375 0.05 0.09375
2 0.80546875 0.7484375 0.0546875 0.1109375
2 0.52421875 0.39921875 0.0328125 0.0671875
2 0.384375 0.35625 0.0296875 0.0578125
2 0.609375 0.36484375 0.0234375 0.05
2 0.53125 0.6109375 0.0484375 0.109375
2 0.3234375 0.49140625 0.0390625 0.0875
2 0.31640625 0.45703125 0.0296875 0.0828125
2 0.3328125 0.4015625 0.0296875 0.0640625
2 0.27578125 0.46640625 0.034375 0.084375
2 0.26796875 0.43984375 0.0296875 0.071875
2 0.615625 0.43046875 0.0296875 0.0671875
2 0.58125 0.56171875 0.04375 0.1046875
2 0.303125 0.3296875 0.021875 0.0515625
0 0.3796875 0.35859375 0.009375 0.0125