2 0.8890625 0.5703125 0.034375 0.1015625
2 0.4765625 0.53203125 0.034375 0.078125
2 0.22734375 0.44921875 0.028125 0.071875
2 0.4328125 0.5078125 0.03125 0.0734375
2 0.41015625 0.43671875 0.03125 0.065625
2 0.84375 0.54296875 0.03125 0.09375
2 0.3234375 0.34921875 0.01875 0.0515625
2 0.475 0.39921875 0.025 0.065625
2 0.6328125 0.38046875 0.025 0.05625
2 0.5671875 0.34140625 0.021875 0.053125
2 0.6671875 0.35859375 0.01875 0.046875
2 0.5453125 0.33046875 0.021875 0.053125
0 0.4171875 0.3140625 0.009375 0.0140625
2 0.340625 0.33359375 0.0203125 0.046875
2 0.159375 0.46640625 0.034375 0.0984375