2 0.62265625 0.4171875 0.0265625 0.07109375
2 0.565625 0.284375 0.0125 0.05625
2 0.5390625 0.3078125 0.01640625 0.0703125
2 0.51640625 0.4328125 0.02265625 0.0640625
2 0.58828125 0.496875 0.021875 0.07421875
2 0.56171875 0.51640625 0.0359375 0.075
0 0.578125 0.47890625 0.009375 0.009375
2 0.22890625 0.5140625 0.0359375 0.07734375
2 0.1375 0.53828125 0.03359375 0.0828125
2 0.175 0.2484375 0.01875 0.05234375
2 0.2328125 0.23359375 0.02265625 0.0484375
2 0.18671875 0.3140625 0.0234375 0.05078125
2 0.18046875 0.31015625 0.0234375 0.05078125
2 0.20390625 0.81015625 0.0609375 0.0828125
2 0.0484375 0.79453125 0.0390625 0.096875