2 0.42890625 0.43359375 0.0390625 0.06875
2 0.19140625 0.66328125 0.0484375 0.1046875
2 0.328125 0.3375 0.025 0.0578125
2 0.74453125 0.2296875 0.0328125 0.0625
2 0.77578125 0.23203125 0.0359375 0.0671875
2 0.49609375 0.5078125 0.0375 0.0828125
2 0.12265625 0.71328125 0.05 0.109375
2 0.5140625 0.2203125 0.0234375 0.0453125
2 0.2296875 0.31171875 0.0265625 0.0546875
2 0.353125 0.49609375 0.0296875 0.0609375
2 0.20859375 0.31953125 0.0265625 0.059375
2 0.4953125 0.20390625 0.0234375 0.04375
0 0.38359375 0.49296875 0.015625 0.021875
2 0.3390625 0.51875 0.0359375 0.071875
2 0.32265625 0.30078125 0.0203125 0.04375