2 0.65234375 0.4171875 0.034375 0.0671875
2 0.70390625 0.56953125 0.05 0.0890625
2 0.846875 0.46875 0.0453125 0.071875
2 0.4890625 0.4125 0.0390625 0.084375
2 0.6296875 0.40390625 0.034375 0.0703125
2 0.55625 0.44453125 0.0421875 0.0859375
2 0.940625 0.64609375 0.0625 0.1078125
2 0.77421875 0.5640625 0.040625 0.090625
2 0.53671875 0.3484375 0.0203125 0.065625
2 0.54765625 0.3390625 0.028125 0.065625
2 0.52421875 0.38125 0.0296875 0.06875
2 0.84609375 0.50859375 0.0390625 0.0828125
0 0.6640625 0.28671875 0.0140625 0.0203125
2 0.559375 0.39375 0.028125 0.0640625
2 0.5078125 0.3828125 0.028125 0.075