2 0.3796875 0.54453125 0.034375 0.075
2 0.725 0.7515625 0.0375 0.0921875
2 0.73828125 0.65546875 0.034375 0.084375
2 0.5625 0.421875 0.0234375 0.0453125
2 0.18046875 0.51796875 0.0390625 0.059375
2 0.4078125 0.35234375 0.01875 0.0421875
2 0.6140625 0.3921875 0.0203125 0.040625
2 0.565625 0.63125 0.025 0.0765625
2 0.57578125 0.60078125 0.0296875 0.0671875
2 0.128125 0.503125 0.0234375 0.0625
2 0.41953125 0.39609375 0.0265625 0.0546875
2 0.48359375 0.3734375 0.015625 0.0484375
2 0.49609375 0.378125 0.015625 0.0453125
2 0.39765625 0.4953125 0.0234375 0.0640625
0 0.415625 0.41796875 0.0140625 0.015625