2 0.51328125 0.321875 0.0375 0.0578125
2 0.51875 0.3296875 0.0421875 0.0546875
2 0.221875 0.6953125 0.059375 0.090625
2 0.16796875 0.89453125 0.0859375 0.1109375
2 0.4390625 0.3328125 0.028125 0.046875
2 0.30546875 0.4109375 0.0359375 0.0515625
2 0.1640625 0.38671875 0.0453125 0.0625
2 0.25234375 0.2828125 0.0296875 0.05
2 0.46328125 0.3390625 0.0375 0.053125
2 0.509375 0.2640625 0.0296875 0.05
2 0.33359375 0.409375 0.0359375 0.05
2 0.54296875 0.2328125 0.0296875 0.053125
2 0.271875 0.2625 0.03125 0.046875
2 0.153125 0.40625 0.0328125 0.0578125
0 0.44921875 0.303125 0.0140625 0.0140625