2 0.36640625 0.54140625 0.034375 0.06875
2 0.4390625 0.525 0.034375 0.06875
2 0.56875 0.596875 0.034375 0.0703125
2 0.2828125 0.55078125 0.0359375 0.065625
2 0.515625 0.59921875 0.0359375 0.06875
2 0.68671875 0.596875 0.0375 0.0828125
2 0.484375 0.57109375 0.034375 0.0703125
2 0.61171875 0.30546875 0.015625 0.0296875
2 0.528125 0.28359375 0.0140625 0.0265625
2 0.503125 0.2796875 0.0109375 0.0265625
2 0.4890625 0.28046875 0.0140625 0.021875
2 0.51484375 0.28671875 0.0140625 0.025
2 0.584375 0.29375 0.0125 0.03125
2 0.54609375 0.28984375 0.0140625 0.028125
0 0.46171875 0.2375 0.0078125 0.0125