2 0.521875 0.4953125 0.0296875 0.05625
2 0.3125 0.5453125 0.0375 0.0703125
2 0.39140625 0.60546875 0.04375 0.0734375
2 0.51953125 0.65703125 0.040625 0.0625
2 0.4359375 0.52890625 0.034375 0.0625
2 0.38828125 0.534375 0.0375 0.0703125
2 0.61484375 0.540625 0.0296875 0.0546875
2 0.55546875 0.6375 0.0359375 0.0609375
2 0.55859375 0.4375 0.028125 0.0625
2 0.5453125 0.440625 0.03125 0.0546875
2 0.49296875 0.4265625 0.025 0.040625
2 0.50078125 0.49921875 0.028125 0.0484375
2 0.47421875 0.43828125 0.03125 0.0484375
2 0.61015625 0.52265625 0.0234375 0.05625