2 0.80703125 0.68515625 0.059375 0.128125
2 0.1921875 0.29609375 0.0328125 0.0609375
2 0.6671875 0.25078125 0.03125 0.05625
2 0.36953125 0.44296875 0.0390625 0.096875
2 0.38515625 0.4015625 0.0390625 0.0765625
2 0.87109375 0.63515625 0.0578125 0.1125
2 0.71328125 0.49296875 0.0484375 0.0953125
2 0.61953125 0.53046875 0.046875 0.1
2 0.65 0.4609375 0.0375 0.059375
2 0.703125 0.25625 0.03125 0.065625
2 0.1484375 0.33203125 0.028125 0.0609375
2 0.5203125 0.28828125 0.0265625 0.0578125
2 0.60390625 0.49453125 0.03125 0.084375
0 0.70234375 0.4828125 0.015625 0.0234375
2 0.5265625 0.2671875 0.0203125 0.0515625