2 0.62421875 0.49921875 0.025 0.040625
2 0.65 0.42265625 0.0203125 0.04296875
2 0.1140625 0.57421875 0.03203125 0.0734375
2 0.20703125 0.63671875 0.028125 0.07109375
2 0.803125 0.61171875 0.02890625 0.0734375
2 0.47109375 0.54375 0.028125 0.0796875
2 0.46328125 0.51875 0.01953125 0.06171875
2 0.55078125 0.43359375 0.02578125 0.05546875
2 0.6546875 0.47421875 0.02109375 0.0375
2 0.87734375 0.63984375 0.04609375 0.0578125
2 0.4421875 0.42890625 0.02109375 0.053125
2 0.4140625 0.41640625 0.01953125 0.053125
2 0.5484375 0.45703125 0.02109375 0.05625
0 0.53515625 0.4296875 0.0078125 0.0109375
2 0.65703125 0.37890625 0.01640625 0.05390625