2 0.60546875 0.48828125 0.0234375 0.0515625
2 0.60703125 0.61015625 0.0265625 0.0625
2 0.690625 0.55859375 0.021875 0.05546875
2 0.6328125 0.48828125 0.02265625 0.0515625
2 0.4890625 0.5875 0.02890625 0.059375
2 0.4984375 0.56796875 0.02265625 0.053125
2 0.4109375 0.440625 0.01953125 0.04453125
2 0.3921875 0.43984375 0.01875 0.040625
2 0.52109375 0.440625 0.01875 0.0515625
2 0.4546875 0.43671875 0.02890625 0.0515625
2 0.56875 0.42421875 0.01796875 0.0484375
2 0.58671875 0.42421875 0.0171875 0.04296875
2 0.45 0.42578125 0.0125 0.046875
2 0.53671875 0.434375 0.0125 0.05546875