2 0.121875 0.43203125 0.046875 0.096875
2 0.19609375 0.41875 0.040625 0.0890625
2 0.153125 0.64140625 0.0875 0.1359375
2 0.11875 0.72109375 0.0921875 0.1703125
2 0.4421875 0.590625 0.071875 0.1328125
2 0.4609375 0.6171875 0.046875 0.153125
2 0.684375 0.7359375 0.059375 0.1671875
2 0.7859375 0.75 0.0546875 0.1640625
2 0.60078125 0.39453125 0.034375 0.0953125
2 0.52734375 0.3640625 0.0328125 0.09375
2 0.36953125 0.31328125 0.021875 0.0828125
2 0.409375 0.3015625 0.0203125 0.0640625
2 0.4171875 0.2703125 0.015625 0.05625
2 0.40390625 0.278125 0.021875 0.05
0 0.1609375 0.4109375 0.015625 0.0140625