2 0.5875 0.22578125 0.02578125 0.05390625
2 0.6359375 0.284375 0.02578125 0.0609375
2 0.403125 0.26640625 0.02421875 0.06640625
2 0.50703125 0.18203125 0.01875 0.04453125
2 0.58125 0.290625 0.025 0.05859375
2 0.534375 0.21171875 0.02578125 0.05390625
2 0.52890625 0.31328125 0.028125 0.06796875
2 0.4984375 0.31328125 0.02890625 0.0734375
2 0.65390625 0.28828125 0.01953125 0.06796875
2 0.496875 0.18515625 0.01328125 0.05
2 0.48203125 0.1828125 0.0109375 0.0421875
2 0.48671875 0.2078125 0.01796875 0.0546875