2 0.56875 0.46328125 0.0328125 0.0578125
2 0.546875 0.35078125 0.0234375 0.040625
2 0.21953125 0.4140625 0.021875 0.05
2 0.2703125 0.43359375 0.028125 0.0515625
2 0.40078125 0.31640625 0.01875 0.0453125
2 0.45078125 0.4203125 0.0234375 0.0453125
2 0.3875 0.44765625 0.028125 0.059375
2 0.5734375 0.30859375 0.015625 0.0375
2 0.46484375 0.3140625 0.015625 0.0328125
2 0.51015625 0.41484375 0.0265625 0.0515625
2 0.56953125 0.41328125 0.021875 0.05
2 0.40390625 0.434375 0.0171875 0.0625
2 0.40390625 0.353125 0.0203125 0.046875
2 0.471875 0.325 0.0125 0.040625
0 0.46640625 0.33515625 0.00625 0.00625