2 0.27109375 0.415625 0.025 0.065625
2 0.48984375 0.40859375 0.0234375 0.0609375
2 0.61875 0.4171875 0.0234375 0.0609375
2 0.81015625 0.55546875 0.0421875 0.0875
2 0.63046875 0.646875 0.0359375 0.1
2 0.56484375 0.615625 0.0359375 0.0953125
2 0.5453125 0.77109375 0.0375 0.1171875
2 0.4328125 0.521875 0.034375 0.0796875
2 0.29296875 0.54140625 0.0296875 0.084375
2 0.26484375 0.59296875 0.04375 0.08125
2 0.26953125 0.728125 0.04375 0.1046875
2 0.46015625 0.78671875 0.0421875 0.1078125
2 0.51015625 0.959375 0.0484375 0.08125
2 0.82890625 0.946875 0.0640625 0.10625