2 0.571875 0.46953125 0.02734375 0.05546875
2 0.559375 0.35546875 0.01953125 0.0390625
2 0.228125 0.38984375 0.01796875 0.0484375
2 0.2765625 0.4140625 0.0234375 0.05
2 0.4171875 0.30859375 0.01484375 0.04453125
2 0.4578125 0.41640625 0.01953125 0.04453125
2 0.3921875 0.43828125 0.02265625 0.05703125
2 0.58984375 0.315625 0.0125 0.0359375
2 0.48125 0.31171875 0.01328125 0.03203125
2 0.5171875 0.41640625 0.02265625 0.05
2 0.5765625 0.41953125 0.0171875 0.04921875
2 0.41015625 0.4265625 0.01171875 0.0609375
2 0.4171875 0.3453125 0.01640625 0.04609375
2 0.4875 0.3234375 0.00859375 0.03984375
0 0.48125 0.3328125 0.00546875 0.00625