2 0.51015625 0.45 0.0296875 0.059375
2 0.62890625 0.4703125 0.0296875 0.0640625
2 0.6625 0.4796875 0.03125 0.0640625
2 0.69296875 0.27734375 0.0234375 0.0375
2 0.5265625 0.26484375 0.025 0.05
2 0.74453125 0.2890625 0.021875 0.04375
2 0.46015625 0.40078125 0.0265625 0.05625
2 0.55546875 0.26796875 0.021875 0.04375
2 0.2953125 0.37578125 0.0234375 0.0640625
2 0.49609375 0.21875 0.0203125 0.0421875
2 0.37890625 0.43515625 0.01875 0.0609375
2 0.36953125 0.41796875 0.021875 0.0609375
2 0.275 0.38515625 0.028125 0.0609375
2 0.52421875 0.228125 0.015625 0.0375
0 0.27890625 0.36875 0.009375 0.0203125