2 0.6203125 0.3328125 0.03125 0.04375
2 0.66171875 0.30390625 0.0203125 0.0515625
2 0.7265625 0.45390625 0.0296875 0.0671875
2 0.1796875 0.59609375 0.034375 0.0890625
2 0.040625 0.61953125 0.0375 0.0921875
2 0.60859375 0.60546875 0.0328125 0.0796875
2 0.596875 0.2828125 0.0203125 0.04375
2 0.7203125 0.3578125 0.03125 0.0640625
2 0.5671875 0.58125 0.0296875 0.0734375
2 0.75625 0.36015625 0.0296875 0.0625
2 0.68203125 0.28515625 0.01875 0.0453125
2 0.68359375 0.47890625 0.028125 0.06875
2 0.5 0.53125 0.025 0.0796875
2 0.5171875 0.51875 0.025 0.0828125