2 0.3953125 0.39921875 0.0203125 0.065625
2 0.58984375 0.37578125 0.01875 0.0578125
2 0.3953125 0.62265625 0.0328125 0.11875
2 0.64296875 0.41171875 0.021875 0.06875
2 0.03984375 0.69765625 0.04375 0.1203125
2 0.5015625 0.41015625 0.0203125 0.065625
2 0.74609375 0.51640625 0.021875 0.090625
2 0.7609375 0.49375 0.021875 0.1
2 0.41328125 0.34453125 0.01875 0.05
2 0.7390625 0.3828125 0.01875 0.05625
2 0.70546875 0.503125 0.015625 0.084375
2 0.71875 0.509375 0.0203125 0.084375
2 0.0046875 0.5515625 0.009375 0.071875
2 0.3890625 0.55546875 0.0234375 0.1015625
0 0.59375 0.38046875 0.00625 0.0125