2 0.5890625 0.57890625 0.02734375 0.06640625
2 0.48125 0.59453125 0.02890625 0.06953125
2 0.2703125 0.78671875 0.03046875 0.0875
2 0.55703125 0.56796875 0.028125 0.071875
2 0.4359375 0.54296875 0.02109375 0.06640625
2 0.415625 0.53671875 0.021875 0.065625
2 0.5921875 0.66015625 0.02578125 0.07890625
2 0.4890625 0.53671875 0.02109375 0.059375
2 0.625 0.50703125 0.01796875 0.06640625
2 0.525 0.57890625 0.0265625 0.075
0 0.471875 0.5828125 0.01015625 0.0171875
2 0.5265625 0.546875 0.02421875 0.04140625
2 0.60859375 0.5015625 0.01875 0.06875