2 0.409375 0.57734375 0.028125 0.0671875
2 0.5171875 0.59453125 0.0296875 0.0703125
2 0.725 0.790625 0.03125 0.0875
2 0.44140625 0.5671875 0.0296875 0.071875
2 0.56328125 0.54375 0.021875 0.0671875
2 0.58359375 0.53828125 0.0234375 0.065625
2 0.4046875 0.65859375 0.0265625 0.0796875
2 0.51015625 0.53671875 0.021875 0.059375
2 0.375 0.5046875 0.01875 0.0671875
2 0.4734375 0.578125 0.028125 0.075
0 0.5265625 0.58359375 0.0109375 0.0171875
2 0.47265625 0.54609375 0.025 0.0421875
2 0.39140625 0.5 0.0203125 0.06875