2 0.33046875 0.42421875 0.01875 0.05
2 0.278125 0.4421875 0.0171875 0.065625
2 0.6140625 0.4453125 0.0140625 0.05
2 0.6203125 0.45546875 0.0125 0.0609375
2 0.70234375 0.43671875 0.01171875 0.053125
2 0.75234375 0.45234375 0.01640625 0.059375
2 0.46640625 0.56640625 0.01953125 0.08046875
2 0.5859375 0.60390625 0.02421875 0.08046875
2 0.63515625 0.5265625 0.02578125 0.05703125
2 0.64375 0.54453125 0.02421875 0.06640625
2 0.9125 0.6609375 0.02265625 0.10234375
2 0.8515625 0.6125 0.025 0.09140625
2 0.75234375 0.59921875 0.0296875 0.08125
2 0.73359375 0.59453125 0.02734375 0.07578125