2 0.25546875 0.61640625 0.0265625 0.08046875
2 0.71953125 0.61640625 0.0390625 0.075
2 0.38359375 0.3203125 0.01171875 0.0484375
2 0.98125 0.46015625 0.03203125 0.05703125
2 0.30625 0.45703125 0.02265625 0.06953125
2 0.93046875 0.46796875 0.0328125 0.05546875
2 0.67265625 0.33046875 0.01875 0.046875
2 0.2875 0.63046875 0.03359375 0.0859375
2 0.94375 0.36171875 0.0265625 0.0484375
2 0.3796875 0.43671875 0.0265625 0.059375
2 0.9671875 0.33203125 0.01953125 0.05
2 0.65 0.31796875 0.01796875 0.046875
2 0.703125 0.58359375 0.025 0.08671875
0 0.82421875 0.2734375 0.01484375 0.01640625
2 0.39609375 0.33515625 0.02109375 0.05