2 0.2515625 0.46328125 0.02265625 0.065625
2 0.34296875 0.33046875 0.01875 0.05546875
2 0.2765625 0.42421875 0.02109375 0.065625
2 0.5203125 0.52265625 0.0234375 0.06796875
2 0.2875 0.24921875 0.01953125 0.04609375
2 0.2609375 0.24921875 0.01640625 0.040625
2 0.5375 0.2390625 0.01953125 0.0390625
2 0.35390625 0.3171875 0.0109375 0.0390625
2 0.3671875 0.315625 0.0125 0.0546875
2 0.378125 0.32265625 0.01953125 0.0484375
2 0.521875 0.35390625 0.01953125 0.04453125
2 0.5375 0.34140625 0.01640625 0.04921875
2 0.5078125 0.5078125 0.01796875 0.0671875