2 0.6453125 0.38046875 0.02109375 0.0640625
2 0.1546875 0.61171875 0.04765625 0.09296875
2 0.21796875 0.84453125 0.0515625 0.15859375
2 0.10078125 0.61171875 0.0453125 0.090625
2 0.55703125 0.44765625 0.0234375 0.07890625
2 0.290625 0.36328125 0.02109375 0.05703125
2 0.6796875 0.74140625 0.034375 0.13046875
2 0.13125 0.796875 0.05 0.13203125
2 0.3125 0.38046875 0.02109375 0.0640625
2 0.4046875 0.43046875 0.0234375 0.071875
2 0.5296875 0.44296875 0.02265625 0.06953125
2 0.60078125 0.7390625 0.0328125 0.121875
2 0.41640625 0.40078125 0.02109375 0.075
2 0.57265625 0.42265625 0.01640625 0.07578125
0 0.415625 0.40078125 0.0125 0.015625