2 0.0609375 0.53515625 0.05 0.0859375
2 0.275 0.39921875 0.0328125 0.059375
2 0.16328125 0.334375 0.028125 0.04375
2 0.25234375 0.28515625 0.0265625 0.0484375
2 0.3875 0.559375 0.040625 0.075
2 0.609375 0.51953125 0.04375 0.090625
2 0.4046875 0.4953125 0.0359375 0.075
2 0.284375 0.27578125 0.028125 0.053125
2 0.4171875 0.3 0.025 0.0484375
2 0.51796875 0.25390625 0.0234375 0.040625
2 0.40390625 0.3375 0.03125 0.05
2 0.5890625 0.52265625 0.0359375 0.096875
2 0.5015625 0.25390625 0.0234375 0.040625
2 0.1515625 0.34609375 0.0234375 0.059375