2 0.31015625 0.51796875 0.0359375 0.103125
2 0.4875 0.61171875 0.03125 0.090625
2 0.55703125 0.77578125 0.0421875 0.11796875
2 0.80078125 0.403125 0.0234375 0.06953125
2 0.26875 0.51640625 0.03125 0.08359375
2 0.6921875 0.41015625 0.02890625 0.0515625
2 0.5984375 0.278125 0.01796875 0.053125
2 0.51953125 0.290625 0.021875 0.0640625
2 0.575 0.29921875 0.0203125 0.046875
2 0.55390625 0.27890625 0.01484375 0.05546875
2 0.60703125 0.2421875 0.01328125 0.0578125
2 0.54296875 0.29140625 0.01171875 0.0640625
2 0.70234375 0.38984375 0.0140625 0.08125
2 0.7125 0.375 0.01171875 0.053125