2 0.22109375 0.20859375 0.0234375 0.053125
2 0.196875 0.21171875 0.025 0.0484375
2 0.29765625 0.253125 0.0234375 0.053125
2 0.33359375 0.23828125 0.021875 0.053125
2 0.4359375 0.2734375 0.01875 0.04375
2 0.3953125 0.2828125 0.0265625 0.0578125
2 0.4203125 0.30546875 0.0265625 0.05
2 0.46484375 0.3109375 0.0265625 0.0515625
2 0.259375 0.31796875 0.0328125 0.06875
2 0.08359375 0.3703125 0.0328125 0.078125
2 0.21171875 0.39296875 0.0328125 0.065625
2 0.296875 0.3609375 0.0375 0.075
2 0.43984375 0.4390625 0.028125 0.075
2 0.4453125 0.4671875 0.034375 0.0765625
0 0.4609375 0.39140625 0.009375 0.0171875