2 0.11171875 0.5265625 0.04375 0.0734375
2 0.4625 0.31796875 0.0296875 0.0609375
2 0.446875 0.25859375 0.021875 0.0515625
2 0.49765625 0.2796875 0.0234375 0.0546875
2 0.55078125 0.278125 0.025 0.0453125
2 0.3171875 0.3328125 0.028125 0.0640625
2 0.55390625 0.5140625 0.0390625 0.0875
2 0.61484375 0.35 0.0265625 0.05625
2 0.36484375 0.25 0.025 0.0515625
2 0.63984375 0.2828125 0.021875 0.05625
2 0.38984375 0.20625 0.0171875 0.04375
2 0.57734375 0.49140625 0.0265625 0.096875
2 0.38984375 0.1734375 0.015625 0.0375