2 0.53671875 0.51484375 0.0421875 0.071875
2 0.73359375 0.253125 0.03125 0.046875
2 0.68359375 0.46015625 0.040625 0.0703125
2 0.653125 0.26171875 0.0328125 0.0453125
2 0.41953125 0.34765625 0.028125 0.0390625
2 0.47734375 0.29921875 0.034375 0.0546875
2 0.26796875 0.571875 0.0421875 0.0765625
2 0.43984375 0.4875 0.0375 0.0609375
2 0.5140625 0.3046875 0.0296875 0.05
2 0.57109375 0.3015625 0.03125 0.046875
2 0.54453125 0.28828125 0.03125 0.053125
2 0.646875 0.43984375 0.0375 0.0640625
2 0.40703125 0.346875 0.0265625 0.0421875
2 0.2515625 0.575 0.0390625 0.075
0 0.24375 0.55390625 0.0125 0.0203125