2 0.5859375 0.29609375 0.02578125 0.05859375
2 0.63125 0.3078125 0.025 0.0515625
2 0.52890625 0.20546875 0.009375 0.0375
2 0.446875 0.23671875 0.01875 0.059375
2 0.4796875 0.22890625 0.0203125 0.05859375
2 0.503125 0.19296875 0.01171875 0.0453125
2 0.6078125 0.28984375 0.0203125 0.05703125
2 0.6625 0.31796875 0.01953125 0.06640625
2 0.67734375 0.32578125 0.03046875 0.05859375
0 0.690625 0.3171875 0.01015625 0.01484375
2 0.5203125 0.2171875 0.0125 0.0546875
2 0.52734375 0.2453125 0.021875 0.065625
2 0.5 0.2234375 0.0109375 0.05703125
2 0.4796875 0.19140625 0.015625 0.0359375