2 0.6734375 0.546875 0.0265625 0.065625
2 0.4796875 0.53828125 0.0234375 0.0578125
2 0.528125 0.5875 0.025 0.0609375
2 0.34453125 0.4203125 0.015625 0.04375
2 0.30234375 0.5578125 0.025 0.0625
2 0.625 0.4328125 0.015625 0.0421875
2 0.46875 0.4125 0.015625 0.040625
2 0.6328125 0.47734375 0.0171875 0.0546875
2 0.6515625 0.475 0.0203125 0.05
2 0.65078125 0.440625 0.015625 0.0453125
2 0.44375 0.4078125 0.015625 0.0328125
2 0.65234375 0.53828125 0.025 0.0671875
2 0.35234375 0.4125 0.0140625 0.0375
2 0.31484375 0.54375 0.0203125 0.0625