2 0.11796875 0.53828125 0.0625 0.1015625
2 0.18515625 0.50625 0.0546875 0.09375
2 0.20546875 0.73125 0.109375 0.146875
2 0.19375 0.81796875 0.11875 0.1796875
2 0.46953125 0.603125 0.0921875 0.140625
2 0.49453125 0.6234375 0.071875 0.15625
2 0.7421875 0.67578125 0.0859375 0.171875
2 0.84375 0.6609375 0.08125 0.1671875
2 0.56796875 0.3703125 0.05 0.0984375
2 0.4890625 0.36171875 0.046875 0.0953125
2 0.3234375 0.35625 0.0359375 0.084375
2 0.35859375 0.33359375 0.0296875 0.065625
2 0.35703125 0.30234375 0.025 0.0578125
2 0.34609375 0.31328125 0.0296875 0.0515625
0 0.15 0.5078125 0.0171875 0.0171875