2 0.73046875 0.4 0.0390625 0.06875
2 0.6078125 0.2953125 0.0328125 0.0578125
2 0.69609375 0.36875 0.0375 0.06875
2 0.4859375 0.52734375 0.040625 0.071875
2 0.640625 0.203125 0.03125 0.05
2 0.665625 0.19609375 0.0265625 0.04375
2 0.39609375 0.2578125 0.0296875 0.0421875
2 0.59375 0.2859375 0.0203125 0.040625
2 0.58046875 0.2875 0.0265625 0.05625
2 0.571875 0.296875 0.03125 0.0515625
2 0.44140625 0.36484375 0.0296875 0.0484375
2 0.42265625 0.35625 0.028125 0.0515625
2 0.49453125 0.509375 0.034375 0.0703125