2 0.33984375 0.4015625 0.0296875 0.065625
2 0.8578125 0.5625 0.059375 0.0984375
2 0.82734375 0.8015625 0.0734375 0.1640625
2 0.9109375 0.5546875 0.0578125 0.0953125
2 0.4359375 0.45625 0.034375 0.08125
2 0.68828125 0.33515625 0.028125 0.059375
2 0.35546875 0.7640625 0.0515625 0.134375
2 0.90625 0.74296875 0.0671875 0.1375
2 0.66875 0.35546875 0.0296875 0.065625
2 0.584375 0.41796875 0.0328125 0.075
2 0.4625 0.44765625 0.0328125 0.071875
2 0.43359375 0.75078125 0.05 0.125
2 0.56875 0.38984375 0.03125 0.0765625
2 0.4171875 0.43359375 0.0265625 0.0765625
0 0.56953125 0.38984375 0.0140625 0.0171875