2 0.840625 0.3375 0.0296875 0.059375
2 0.0984375 0.68828125 0.0578125 0.1015625
2 0.7515625 0.45859375 0.0390625 0.0515625
2 0.5703125 0.29296875 0.028125 0.046875
2 0.146875 0.803125 0.0640625 0.1109375
2 0.80078125 0.42578125 0.0421875 0.0609375
2 0.64296875 0.44609375 0.0390625 0.0625
2 0.58203125 0.38515625 0.0296875 0.05
2 0.79296875 0.3375 0.028125 0.05625
2 0.534375 0.2578125 0.0234375 0.0484375
2 0.4640625 0.28203125 0.0265625 0.0546875
2 0.79453125 0.49921875 0.0375 0.05
2 0.478125 0.28203125 0.0265625 0.065625
2 0.8140625 0.4046875 0.0140625 0.021875