2 0.72421875 0.40390625 0.028125 0.065625
2 0.50546875 0.4078125 0.0265625 0.0609375
2 0.37734375 0.4234375 0.0265625 0.0609375
2 0.19296875 0.571875 0.046875 0.0890625
2 0.37734375 0.653125 0.0421875 0.1
2 0.44140625 0.61875 0.040625 0.0953125
2 0.46875 0.77265625 0.04375 0.1171875
2 0.56796875 0.51796875 0.0375 0.0796875
2 0.709375 0.53046875 0.0328125 0.084375
2 0.73984375 0.58046875 0.046875 0.0828125
2 0.7421875 0.715625 0.0484375 0.10625
2 0.5546875 0.78359375 0.046875 0.109375
2 0.5140625 0.959375 0.053125 0.08125
2 0.1953125 0.9546875 0.071875 0.090625