2 0.84921875 0.63046875 0.0453125 0.0828125
2 0.41796875 0.74765625 0.04375 0.075
2 0.453125 0.74453125 0.05 0.075
2 0.60859375 0.5203125 0.0421875 0.065625
2 0.5859375 0.428125 0.0296875 0.0515625
2 0.471875 0.54609375 0.0375 0.0609375
2 0.36875 0.51640625 0.0359375 0.0578125
2 0.9390625 0.5375 0.053125 0.084375
2 0.7140625 0.47578125 0.04375 0.0703125
2 0.63359375 0.43046875 0.0328125 0.053125
2 0.8453125 0.56640625 0.04375 0.08125
2 0.72890625 0.48515625 0.0328125 0.0765625
2 0.62734375 0.53125 0.0359375 0.06875