2 0.24453125 0.5921875 0.0359375 0.0875
2 0.41484375 0.5421875 0.0375 0.08125
2 0.75546875 0.3171875 0.025 0.0546875
2 0.30234375 0.54375 0.0328125 0.08125
2 0.60625 0.26875 0.0265625 0.0546875
2 0.4625 0.484375 0.03125 0.0546875
2 0.71953125 0.4921875 0.028125 0.0671875
2 0.5890625 0.31796875 0.025 0.0578125
2 0.6421875 0.4140625 0.0296875 0.065625
2 0.69921875 0.2984375 0.0234375 0.0578125
2 0.3734375 0.26484375 0.025 0.046875
2 0.41484375 0.45078125 0.0296875 0.0734375
2 0.34375 0.278125 0.0265625 0.053125
0 0.4015625 0.49609375 0.0140625 0.0203125
2 0.43359375 0.46171875 0.025 0.084375