2 0.35703125 0.62421875 0.0359375 0.07890625
2 0.76484375 0.6890625 0.0390625 0.0890625
2 0.471875 0.41015625 0.02734375 0.05390625
2 0.571875 0.540625 0.02734375 0.065625
2 0.51875 0.396875 0.01796875 0.0390625
2 0.73125 0.61796875 0.0328125 0.08359375
2 0.0890625 0.76015625 0.04375 0.09296875
2 0.38125 0.565625 0.025 0.06953125
2 0.5484375 0.50859375 0.02109375 0.0609375
2 0.45546875 0.565625 0.02421875 0.0796875
2 0.4765625 0.56171875 0.025 0.06796875
2 0.37421875 0.37265625 0.01328125 0.04765625
2 0.3765625 0.35546875 0.01484375 0.04453125
2 0.10859375 0.7234375 0.03203125 0.1015625
0 0.57578125 0.375 0.0109375 0.01796875