2 0.5875 0.56171875 0.0296875 0.06796875
2 0.5546875 0.39296875 0.01875 0.0359375
2 0.1625 0.615625 0.03125 0.0609375
2 0.4515625 0.40859375 0.02265625 0.05
2 0.85078125 0.56328125 0.025 0.05703125
2 0.4375 0.56953125 0.0203125 0.07890625
2 0.4359375 0.546875 0.02578125 0.06640625
2 0.10625 0.57890625 0.03125 0.08046875
2 0.62890625 0.41171875 0.0203125 0.040625
2 0.80078125 0.58671875 0.0296875 0.0734375
2 0.5953125 0.49609375 0.02265625 0.05546875
2 0.6546875 0.35546875 0.01640625 0.0390625
2 0.57109375 0.39375 0.0125 0.04140625
2 0.43359375 0.3859375 0.0140625 0.0484375
0 0.59609375 0.43203125 0.0109375 0.01328125