2 0.3515625 0.50703125 0.0296875 0.06953125
2 0.79765625 0.615625 0.03046875 0.08125
2 0.503125 0.32734375 0.01484375 0.040625
2 0.2515625 0.62265625 0.02578125 0.06796875
2 0.459375 0.61640625 0.02421875 0.08046875
2 0.59375 0.303125 0.01328125 0.040625
2 0.63203125 0.39453125 0.0171875 0.053125
2 0.5109375 0.5703125 0.021875 0.0734375
2 0.61640625 0.309375 0.0171875 0.0390625
2 0.48125 0.32109375 0.0171875 0.0390625
2 0.3796875 0.359375 0.01484375 0.040625
2 0.81328125 0.64140625 0.02578125 0.0859375
2 0.63828125 0.371875 0.01171875 0.0359375
2 0.38515625 0.34609375 0.01015625 0.03515625