2 0.2296875 0.3 0.0296875 0.0546875
2 0.37578125 0.48515625 0.0359375 0.059375
2 0.51640625 0.23515625 0.028125 0.046875
2 0.43125 0.296875 0.03125 0.05625
2 0.5375 0.19609375 0.025 0.046875
2 0.39453125 0.43828125 0.03125 0.0546875
2 0.6734375 0.52890625 0.0421875 0.078125
2 0.72734375 0.62734375 0.046875 0.1078125
2 0.67421875 0.21015625 0.025 0.04375
2 0.47109375 0.51484375 0.0390625 0.084375
2 0.2078125 0.3171875 0.021875 0.0640625
2 0.446875 0.325 0.0265625 0.05625
2 0.48984375 0.52109375 0.040625 0.075
0 0.4953125 0.5125 0.0125 0.0140625
2 0.68984375 0.21953125 0.0234375 0.053125