2 0.6375 0.39453125 0.02421875 0.0640625
2 0.7125 0.53671875 0.03671875 0.084375
2 0.8375 0.41484375 0.03515625 0.06796875
2 0.47578125 0.415625 0.0265625 0.08046875
2 0.61328125 0.38515625 0.0234375 0.06796875
2 0.546875 0.43671875 0.0296875 0.08203125
2 0.9578125 0.57578125 0.046875 0.1015625
2 0.78046875 0.5203125 0.0265625 0.0875
2 0.5125 0.34453125 0.01015625 0.06484375
2 0.521875 0.33359375 0.01796875 0.0640625
2 0.50546875 0.37890625 0.01875 0.06640625
2 0.84296875 0.4546875 0.0265625 0.0796875
0 0.62890625 0.26328125 0.01171875 0.01796875
2 0.5421875 0.3859375 0.01875 0.0625
2 0.4890625 0.3828125 0.0171875 0.07265625