2 0.43828125 0.63828125 0.05 0.0875
2 0.50234375 0.33515625 0.0390625 0.0671875
2 0.58984375 0.75859375 0.05 0.0828125
2 0.48125 0.4171875 0.04375 0.0625
2 0.44453125 0.39375 0.0421875 0.0625
2 0.25546875 0.52578125 0.046875 0.090625
2 0.37734375 0.6234375 0.0453125 0.0828125
2 0.53515625 0.303125 0.03125 0.059375
2 0.6125 0.36640625 0.03125 0.0609375
2 0.41484375 0.29765625 0.0359375 0.0609375
2 0.59453125 0.815625 0.053125 0.096875
2 0.2640625 0.46953125 0.0453125 0.06875
2 0.4265625 0.31484375 0.0359375 0.0515625
2 0.621875 0.33984375 0.0234375 0.0453125