2 0.415625 0.40703125 0.028125 0.0609375
2 0.29453125 0.23671875 0.021875 0.046875
2 0.59140625 0.29453125 0.0203125 0.0359375
2 0.3734375 0.228125 0.0203125 0.0359375
2 0.521875 0.26875 0.0203125 0.0375
2 0.38515625 0.41328125 0.028125 0.0625
2 0.64296875 0.35078125 0.021875 0.040625
2 0.64765625 0.3328125 0.0234375 0.03125
2 0.5375 0.35703125 0.0234375 0.0484375
2 0.68515625 0.30625 0.021875 0.05
2 0.53203125 0.23203125 0.0203125 0.040625
2 0.57265625 0.303125 0.0203125 0.0359375
2 0.6875 0.27578125 0.0171875 0.0359375
2 0.54375 0.33359375 0.01875 0.0375
0 0.63828125 0.34765625 0.009375 0.0109375