2 0.63828125 0.38359375 0.028125 0.0578125
2 0.62265625 0.40234375 0.03125 0.0640625
2 0.48984375 0.446875 0.0296875 0.059375
2 0.4734375 0.453125 0.0265625 0.0515625
2 0.32109375 0.4875 0.0390625 0.0625
2 0.621875 0.46015625 0.0390625 0.0671875
2 0.6265625 0.44921875 0.034375 0.0609375
2 0.47578125 0.5484375 0.040625 0.075
2 0.771875 0.528125 0.053125 0.078125
2 0.73828125 0.55234375 0.0515625 0.0890625
2 0.98046875 0.57734375 0.0390625 0.0890625
2 0.9015625 0.61171875 0.059375 0.0890625
2 0.36484375 0.69375 0.040625 0.0796875
2 0.35 0.725 0.0453125 0.090625