2 0.23828125 0.615625 0.0265625 0.06640625
2 0.45625 0.61171875 0.025 0.08203125
2 0.80546875 0.609375 0.0390625 0.075
2 0.3359375 0.50859375 0.02578125 0.06953125
2 0.47578125 0.296875 0.0140625 0.0359375
2 0.50703125 0.56171875 0.0234375 0.07109375
2 0.4484375 0.29296875 0.01484375 0.03359375
2 0.61875 0.29453125 0.01328125 0.0390625
2 0.63671875 0.3734375 0.0140625 0.0515625
2 0.6453125 0.36015625 0.0171875 0.0484375
2 0.434375 0.3625 0.01640625 0.040625
2 0.82421875 0.62890625 0.0453125 0.08359375
0 0.83984375 0.6078125 0.015625 0.0203125
2 0.63203125 0.29609375 0.01171875 0.04375
2 0.43203125 0.340625 0.0140625 0.0296875