2 0.4109375 0.75546875 0.03671875 0.09140625
2 0.4890625 0.51640625 0.03046875 0.075
2 0.5265625 0.52265625 0.03046875 0.09296875
2 0.49921875 0.86015625 0.04375 0.11796875
2 0.20390625 0.45546875 0.0296875 0.0859375
2 0.48125 0.39453125 0.02421875 0.0640625
2 0.52890625 0.390625 0.0265625 0.06953125
2 0.55703125 0.43046875 0.01875 0.078125
2 0.9890625 0.96953125 0.0203125 0.05859375
2 0.17734375 0.446875 0.02734375 0.1
2 0.56875 0.41640625 0.01796875 0.06953125
0 0.48046875 0.4046875 0.0125 0.015625