2 0.515625 0.4515625 0.0359375 0.0609375
2 0.63125 0.48671875 0.0375 0.065625
2 0.6640625 0.5 0.0390625 0.0671875
2 0.71796875 0.30234375 0.028125 0.0390625
2 0.55546875 0.26953125 0.03125 0.0515625
2 0.76796875 0.3203125 0.0265625 0.0453125
2 0.47265625 0.396875 0.0328125 0.059375
2 0.58359375 0.2765625 0.028125 0.0453125
2 0.3125 0.35234375 0.03125 0.065625
2 0.53046875 0.2203125 0.025 0.04375
2 0.38828125 0.42109375 0.025 0.0609375
2 0.38046875 0.403125 0.028125 0.0609375
2 0.290625 0.3578125 0.034375 0.0625
2 0.55703125 0.23359375 0.01875 0.0375
0 0.296875 0.34296875 0.0125 0.021875