2 0.6765625 0.4546875 0.0515625 0.0921875
2 0.225 0.38671875 0.0421875 0.0703125
2 0.8359375 0.83671875 0.071875 0.1265625
2 0.121875 0.5125 0.0484375 0.0875
2 0.271875 0.7765625 0.0703125 0.134375
2 0.79375 0.41875 0.05 0.096875
2 0.390625 0.4921875 0.0453125 0.075
2 0.3859375 0.43046875 0.0390625 0.065625
2 0.4046875 0.28984375 0.0328125 0.0625
2 0.43203125 0.31796875 0.03125 0.0578125
2 0.82890625 0.4875 0.053125 0.0921875
2 0.82265625 0.43828125 0.03125 0.0484375
0 0.38046875 0.48125 0.0140625 0.0203125