2 0.3359375 0.4234375 0.01484375 0.05546875
2 0.35625 0.4375 0.015625 0.0625
2 0.49609375 0.44609375 0.01484375 0.0578125
2 0.51328125 0.44765625 0.0140625 0.05
2 0.66953125 0.44140625 0.025 0.0578125
2 0.371875 0.49296875 0.02421875 0.0625
2 0.36484375 0.48359375 0.01953125 0.0578125
2 0.5359375 0.540625 0.02265625 0.071875
2 0.24453125 0.59765625 0.03671875 0.07109375
2 0.28359375 0.6125 0.03046875 0.084375
2 0.05 0.70078125 0.03125 0.084375
2 0.140625 0.71171875 0.03984375 0.08125
2 0.68046875 0.65234375 0.02109375 0.07734375
2 0.703125 0.67890625 0.02421875 0.08671875