2 0.5625 0.42578125 0.03203125 0.065625
2 0.82578125 0.62421875 0.0359375 0.1015625
2 0.65078125 0.31796875 0.01875 0.05546875
2 0.22421875 0.26171875 0.025 0.059375
2 0.19375 0.26796875 0.02890625 0.0640625
2 0.5046875 0.50703125 0.02734375 0.08046875
2 0.90078125 0.665625 0.0375 0.10546875
2 0.45234375 0.22421875 0.01875 0.04296875
2 0.7453125 0.28046875 0.0203125 0.053125
2 0.6453125 0.478125 0.021875 0.059375
2 0.7671875 0.28515625 0.0203125 0.05703125
2 0.46875 0.20546875 0.01796875 0.04140625
0 0.61484375 0.47890625 0.0125 0.02109375
2 0.66171875 0.49921875 0.02734375 0.06953125
2 0.6515625 0.28046875 0.015625 0.0421875