2 0.68125 0.31171875 0.015625 0.0484375
2 0.66875 0.3296875 0.015625 0.059375
2 0.61484375 0.37421875 0.021875 0.046875
2 0.6296875 0.3890625 0.01875 0.05
2 0.5296875 0.38828125 0.01875 0.0546875
2 0.484375 0.37109375 0.0125 0.0484375
2 0.40078125 0.4546875 0.01875 0.065625
2 0.46953125 0.475 0.01875 0.0640625
2 0.334375 0.68828125 0.0265625 0.090625
2 0.11953125 0.68671875 0.04375 0.1
2 0.47578125 0.83984375 0.028125 0.084375
2 0.45546875 0.85078125 0.0296875 0.084375
2 0.834375 0.534375 0.0203125 0.065625
2 0.81953125 0.55234375 0.03125 0.084375
0 0.8296875 0.5234375 0.0046875 0.025