2 0.4359375 0.71015625 0.0265625 0.0765625
2 0.49375 0.64921875 0.02421875 0.06796875
2 0.63125 0.63984375 0.0234375 0.065625
2 0.34375 0.68046875 0.0234375 0.078125
2 0.53046875 0.64609375 0.0234375 0.0609375
2 0.59453125 0.640625 0.025 0.0640625
2 0.5578125 0.64296875 0.02109375 0.06640625
2 0.50703125 0.31796875 0.0078125 0.028125
2 0.571875 0.31875 0.0078125 0.021875
2 0.5203125 0.315625 0.00859375 0.0234375
2 0.58359375 0.31953125 0.00703125 0.025
2 0.5515625 0.32109375 0.00703125 0.025
2 0.5359375 0.32109375 0.00703125 0.0265625
2 0.475 0.3203125 0.0078125 0.021875
0 0.34921875 0.67734375 0.009375 0.01484375