2 0.66875 0.60234375 0.0234375 0.0703125
2 0.4453125 0.59140625 0.0265625 0.0734375
2 0.634375 0.6671875 0.0328125 0.0703125
2 0.28125 0.5953125 0.025 0.0703125
2 0.5390625 0.6046875 0.0265625 0.0703125
2 0.5046875 0.59296875 0.0296875 0.0640625
2 0.35546875 0.634375 0.025 0.0671875
2 0.4796875 0.2234375 0.00625 0.028125
2 0.48515625 0.225 0.00625 0.028125
2 0.4953125 0.2234375 0.0078125 0.028125
2 0.50390625 0.225 0.00625 0.0265625
2 0.51171875 0.225 0.0078125 0.028125
2 0.5234375 0.22265625 0.0078125 0.0265625
2 0.53125 0.2234375 0.0078125 0.028125