2 0.66640625 0.27890625 0.0359375 0.0578125
2 0.63046875 0.26796875 0.0328125 0.059375
2 0.4953125 0.2453125 0.025 0.059375
2 0.47734375 0.275 0.03125 0.0703125
2 0.64609375 0.32265625 0.034375 0.0734375
2 0.4046875 0.2796875 0.0296875 0.065625
2 0.44453125 0.2609375 0.025 0.0640625
2 0.44296875 0.2296875 0.0296875 0.05625
2 0.42109375 0.27109375 0.0265625 0.06875
2 0.42109375 0.23984375 0.025 0.0546875
2 0.659375 0.33203125 0.0390625 0.0796875
2 0.62734375 0.23125 0.03125 0.0578125
0 0.65390625 0.21953125 0.0140625 0.0171875
2 0.46640625 0.24296875 0.0234375 0.0515625
2 0.49765625 0.23203125 0.0203125 0.0515625