2 0.76796875 0.63359375 0.0625 0.1546875
2 0.70234375 0.65703125 0.0625 0.171875
2 0.56953125 0.40703125 0.046875 0.1125
2 0.47109375 0.38203125 0.0453125 0.0921875
2 0.4078125 0.275 0.0203125 0.05625
2 0.40078125 0.28359375 0.025 0.05625
2 0.39921875 0.31953125 0.025 0.065625
2 0.34296875 0.33125 0.0296875 0.0796875
2 0.46328125 0.5703125 0.053125 0.146875
2 0.43671875 0.5625 0.053125 0.125
2 0.0578125 0.56171875 0.08125 0.1015625
2 0.1515625 0.53671875 0.059375 0.121875
2 0.14140625 0.64140625 0.0765625 0.109375
2 0.07109375 0.67890625 0.05625 0.128125