2 0.5484375 0.3140625 0.02265625 0.046875
2 0.2171875 0.31171875 0.02109375 0.04296875
2 0.2984375 0.47265625 0.02421875 0.05703125
2 0.5109375 0.30859375 0.0234375 0.04453125
2 0.5265625 0.46015625 0.02421875 0.04609375
2 0.59296875 0.41640625 0.025 0.04140625
2 0.2734375 0.49921875 0.03359375 0.06796875
2 0.2859375 0.30546875 0.02421875 0.0390625
2 0.39140625 0.30546875 0.0234375 0.046875
2 0.44375 0.31640625 0.01875 0.04453125
2 0.4765625 0.29921875 0.02265625 0.05390625
2 0.75859375 0.5203125 0.01796875 0.065625
2 0.74296875 0.525 0.01171875 0.065625
2 0.37890625 0.31328125 0.01640625 0.04375