2 0.540625 0.7984375 0.046875 0.1046875
2 0.32734375 0.78203125 0.0484375 0.084375
2 0.221875 0.33046875 0.0390625 0.06875
2 0.36328125 0.56796875 0.053125 0.0734375
2 0.77890625 0.4703125 0.0359375 0.0625
2 0.45078125 0.63828125 0.0375 0.0625
2 0.5640625 0.93515625 0.059375 0.1109375
2 0.19296875 0.7078125 0.0578125 0.103125
2 0.60625 0.3828125 0.0328125 0.0640625
2 0.62578125 0.39453125 0.03125 0.06875
2 0.82890625 0.509375 0.03125 0.075
2 0.5171875 0.9875 0.053125 0.025
2 0.5734375 0.74609375 0.05625 0.1296875
2 0.2453125 0.32890625 0.0390625 0.0828125