2 0.2359375 0.6109375 0.028125 0.0671875
2 0.4546875 0.6109375 0.0265625 0.0828125
2 0.803125 0.61484375 0.040625 0.075
2 0.3359375 0.50546875 0.0265625 0.0703125
2 0.4796875 0.29609375 0.0140625 0.0359375
2 0.50625 0.56171875 0.025 0.071875
2 0.45234375 0.2921875 0.015625 0.034375
2 0.62265625 0.296875 0.0140625 0.0390625
2 0.6390625 0.37578125 0.015625 0.0515625
2 0.64765625 0.3625 0.01875 0.0484375
2 0.43671875 0.36171875 0.0171875 0.040625
2 0.821875 0.634375 0.046875 0.084375
0 0.83828125 0.6140625 0.015625 0.0203125
2 0.6359375 0.2984375 0.0125 0.04375
2 0.43515625 0.33984375 0.0140625 0.0296875