2 0.821875 0.915625 0.04375 0.0890625
2 0.47265625 0.40390625 0.025 0.06640625
2 0.5125 0.4015625 0.02578125 0.0609375
2 0.7109375 0.553125 0.03046875 0.09140625
2 0.53125 0.58671875 0.0328125 0.08203125
2 0.78203125 0.521875 0.0296875 0.0734375
2 0.14375 0.9484375 0.05 0.1
2 0.6796875 0.32890625 0.01953125 0.05546875
2 0.659375 0.346875 0.02109375 0.05390625
2 0.24453125 0.37578125 0.01640625 0.075
2 0.2515625 0.34921875 0.0171875 0.06484375
2 0.1921875 0.97109375 0.05234375 0.05546875
2 0.87890625 0.9671875 0.05625 0.0625
0 0.5640625 0.51015625 0.01328125 0.015625
2 0.49296875 0.56640625 0.03125 0.06953125