2 0.44921875 0.8515625 0.04375 0.103125
2 0.45 0.7328125 0.046875 0.10625
2 0.4375 0.4859375 0.0375 0.08125
2 0.43671875 0.45390625 0.03125 0.0765625
2 0.3234375 0.1953125 0.0234375 0.0484375
2 0.33828125 0.184375 0.025 0.0515625
2 0.39453125 0.25625 0.0265625 0.0546875
2 0.4 0.24453125 0.025 0.0484375
2 0.434375 0.246875 0.028125 0.0578125
2 0.49296875 0.2796875 0.0265625 0.034375
2 0.70234375 0.296875 0.015625 0.0484375
2 0.70078125 0.27734375 0.0234375 0.05625
2 0.5609375 0.2484375 0.025 0.0546875
2 0.5625 0.2796875 0.021875 0.0515625
0 0.5078125 0.29375 0.0109375 0.0109375