2 0.4453125 0.3109375 0.01640625 0.0421875
2 0.3890625 0.43984375 0.01875 0.07421875
2 0.19765625 0.39140625 0.025 0.06796875
2 0.44765625 0.4125 0.0140625 0.07734375
2 0.50390625 0.37265625 0.01953125 0.06640625
2 0.475 0.51796875 0.025 0.084375
2 0.59375 0.41796875 0.02734375 0.078125
2 0.6578125 0.3703125 0.01640625 0.0640625
2 0.684375 0.3828125 0.01640625 0.06328125
2 0.6671875 0.30703125 0.0140625 0.04453125
2 0.64453125 0.4140625 0.01328125 0.06953125
2 0.6421875 0.446875 0.021875 0.07265625
2 0.75546875 0.49453125 0.025 0.09765625
2 0.7171875 0.34453125 0.0140625 0.04921875