2 0.48515625 0.2890625 0.0109375 0.028125
2 0.490625 0.29453125 0.0125 0.0375
2 0.50546875 0.3 0.015625 0.0359375
2 0.51796875 0.30625 0.0125 0.0359375
2 0.53046875 0.29296875 0.0125 0.028125
2 0.46640625 0.31328125 0.015625 0.0375
2 0.44140625 0.3046875 0.015625 0.0421875
2 0.62421875 0.51953125 0.01875 0.0625
2 0.5734375 0.459375 0.0203125 0.0625
2 0.56484375 0.5203125 0.0296875 0.0703125
2 0.44609375 0.44609375 0.01875 0.0609375
2 0.46171875 0.46171875 0.01875 0.05625
2 0.309375 0.45078125 0.025 0.0375
2 0.346875 0.48359375 0.0234375 0.0625
0 0.315625 0.45546875 0.009375 0.0125