2 0.63828125 0.42265625 0.0203125 0.06796875
2 0.40625 0.35546875 0.01796875 0.053125
2 0.49140625 0.44765625 0.021875 0.065625
2 0.84453125 0.55234375 0.0328125 0.09609375
2 0.3234375 0.703125 0.03515625 0.121875
2 0.5296875 0.39921875 0.02109375 0.059375
2 0.76796875 0.421875 0.0203125 0.0609375
2 0.9 0.55703125 0.03515625 0.10546875
2 0.38671875 0.41640625 0.01875 0.06953125
2 0.68125 0.5640625 0.02734375 0.0890625
2 0.70859375 0.56171875 0.0234375 0.084375
2 0.29453125 0.64453125 0.025 0.1140625
0 0.52890625 0.41015625 0.0046875 0.0140625