2 0.2125 0.6375 0.04375 0.0875
2 0.265625 0.56328125 0.0390625 0.09375
2 0.778125 0.36796875 0.0234375 0.05625
2 0.49921875 0.565625 0.03125 0.071875
2 0.66796875 0.46328125 0.03125 0.0796875
2 0.66015625 0.41640625 0.0265625 0.0625
2 0.78359375 0.42421875 0.03125 0.0703125
2 0.57890625 0.5375 0.0328125 0.071875
2 0.6453125 0.25234375 0.021875 0.04375
2 0.63203125 0.23203125 0.0203125 0.0453125
2 0.70625 0.46015625 0.021875 0.0796875
2 0.53359375 0.5125 0.028125 0.053125
2 0.68984375 0.46640625 0.0296875 0.08125
2 0.534375 0.5640625 0.0296875 0.0796875