2 0.53671875 0.49140625 0.0390625 0.0734375
2 0.61875 0.3640625 0.0265625 0.0484375
2 0.6015625 0.53359375 0.0328125 0.0671875
2 0.5828125 0.34296875 0.021875 0.0453125
2 0.840625 0.53125 0.034375 0.0875
2 0.78046875 0.515625 0.034375 0.0828125
2 0.36953125 0.35234375 0.025 0.053125
2 0.40625 0.32109375 0.021875 0.0453125
2 0.48828125 0.34296875 0.021875 0.05
2 0.43671875 0.328125 0.021875 0.0484375
2 0.29140625 0.3515625 0.025 0.05
2 0.21328125 0.559375 0.0359375 0.09375
2 0.21796875 0.52265625 0.0234375 0.06875
2 0.49375 0.32578125 0.0171875 0.034375