2 0.56796875 0.36875 0.025 0.0484375
2 0.49375 0.2390625 0.021875 0.034375
2 0.60546875 0.403125 0.0296875 0.0578125
2 0.6234375 0.4609375 0.0390625 0.071875
2 0.70625 0.4671875 0.0359375 0.0703125
2 0.54609375 0.41796875 0.0328125 0.0640625
2 0.56015625 0.25625 0.021875 0.034375
2 0.4765625 0.36796875 0.0234375 0.0546875
2 0.53125 0.23984375 0.01875 0.0296875
2 0.60234375 0.25859375 0.01875 0.03125
2 0.6171875 0.2734375 0.01875 0.0359375
2 0.62265625 0.25703125 0.0140625 0.021875
0 0.696875 0.2609375 0.0109375 0.0109375
2 0.48046875 0.3828125 0.0296875 0.0671875