2 0.54375 0.51640625 0.0234375 0.05859375
2 0.6671875 0.515625 0.02109375 0.05546875
2 0.665625 0.46328125 0.01875 0.05703125
2 0.3421875 0.46640625 0.02265625 0.05859375
2 0.49921875 0.46328125 0.01875 0.05703125
2 0.4328125 0.49140625 0.01953125 0.05546875
2 0.45390625 0.30078125 0.0125 0.03203125
0 0.57265625 0.4609375 0.00625 0.01171875
2 0.58203125 0.45625 0.015625 0.03515625
2 0.55546875 0.31015625 0.0125 0.03203125
2 0.4109375 0.31640625 0.01171875 0.03046875
2 0.4875 0.31171875 0.0125 0.02890625
2 0.5359375 0.29609375 0.00859375 0.021875
2 0.54296875 0.3015625 0.00546875 0.0328125
2 0.53984375 0.3078125 0.0078125 0.0359375