2 0.2359375 0.5265625 0.0328125 0.0625
2 0.7265625 0.496875 0.021875 0.071875
2 0.72890625 0.45 0.0265625 0.0625
2 0.70390625 0.6078125 0.0234375 0.078125
2 0.7171875 0.56015625 0.0265625 0.0671875
2 0.38984375 0.39921875 0.028125 0.0546875
2 0.596875 0.36953125 0.0203125 0.04375
2 0.725 0.80234375 0.0421875 0.0984375
2 0.171875 0.53671875 0.034375 0.0734375
2 0.80859375 0.66953125 0.028125 0.0703125
2 0.56015625 0.35625 0.0203125 0.0453125
2 0.3453125 0.40078125 0.0265625 0.0546875
2 0.40859375 0.328125 0.028125 0.05
2 0.41640625 0.31328125 0.015625 0.034375