2 0.3484375 0.6140625 0.040625 0.08125
2 0.75078125 0.70703125 0.0453125 0.0921875
2 0.478125 0.40859375 0.03125 0.05625
2 0.56875 0.5453125 0.03125 0.0671875
2 0.52578125 0.3984375 0.0203125 0.040625
2 0.72265625 0.63359375 0.0390625 0.0859375
2 0.071875 0.73046875 0.05 0.0953125
2 0.37734375 0.55703125 0.0296875 0.071875
2 0.54765625 0.51171875 0.025 0.0625
2 0.45078125 0.5625 0.0296875 0.08125
2 0.47265625 0.56015625 0.0296875 0.0703125
2 0.38359375 0.3640625 0.0171875 0.0484375
2 0.38671875 0.346875 0.0171875 0.0453125
2 0.09375 0.6953125 0.0390625 0.103125
0 0.584375 0.38046875 0.0125 0.01875