2 0.7515625 0.69609375 0.040625 0.09453125
2 0.94375 0.61953125 0.0453125 0.1109375
2 0.41875 0.371875 0.01796875 0.05703125
2 0.5078125 0.47890625 0.02109375 0.06953125
2 0.30703125 0.79296875 0.05078125 0.15234375
2 0.29375 0.70859375 0.03671875 0.1140625
2 0.5484375 0.415625 0.02109375 0.071875
2 0.809375 0.453125 0.02265625 0.06953125
2 0.6953125 0.45703125 0.02265625 0.06953125
2 0.3984375 0.4390625 0.02109375 0.075
2 0.7296875 0.6203125 0.02890625 0.0859375
0 0.5375 0.40078125 0.00859375 0.015625