2 0.5328125 0.290625 0.0140625 0.0296875
2 0.52734375 0.29609375 0.015625 0.0375
2 0.51171875 0.3 0.0171875 0.0359375
2 0.49921875 0.30546875 0.015625 0.0359375
2 0.48828125 0.290625 0.015625 0.0296875
2 0.54921875 0.3171875 0.01875 0.0375
2 0.575 0.31015625 0.01875 0.0421875
2 0.37421875 0.50859375 0.0234375 0.0625
2 0.43046875 0.453125 0.025 0.0640625
2 0.43359375 0.51484375 0.0359375 0.0703125
2 0.55859375 0.45078125 0.0234375 0.0609375
2 0.54140625 0.465625 0.0234375 0.05625
2 0.69453125 0.4671875 0.028125 0.0390625
2 0.65390625 0.496875 0.0296875 0.0640625
0 0.6875 0.471875 0.009375 0.0125