2 0.05078125 0.7875 0.1015625 0.221875
2 0.21796875 0.8078125 0.109375 0.203125
2 0.48984375 0.81640625 0.096875 0.228125
2 0.53359375 0.79140625 0.0984375 0.1890625
2 0.9109375 0.87265625 0.08125 0.20625
2 0.8359375 0.51953125 0.053125 0.1015625
2 0.7890625 0.48125 0.0546875 0.096875
2 0.4078125 0.359375 0.0453125 0.103125
2 0.46796875 0.36328125 0.053125 0.1078125
2 0.73515625 0.36953125 0.05625 0.078125
2 0.71015625 0.3421875 0.0390625 0.0703125
2 0.68671875 0.37265625 0.0390625 0.0640625
2 0.696875 0.384375 0.05 0.084375
0 0.690625 0.37265625 0.0078125 0.0125