2 0.38515625 0.3703125 0.0359375 0.0671875
2 0.284375 0.4953125 0.0515625 0.0890625
2 0.18515625 0.35234375 0.046875 0.0734375
2 0.53984375 0.421875 0.0421875 0.084375
2 0.4109375 0.365625 0.0359375 0.071875
2 0.46640625 0.42890625 0.0453125 0.0859375
2 0.0359375 0.48671875 0.065625 0.109375
2 0.22109375 0.46640625 0.0421875 0.090625
2 0.5171875 0.3453125 0.021875 0.065625
2 0.51015625 0.3328125 0.0296875 0.065625
2 0.51796875 0.38046875 0.03125 0.06875
2 0.171875 0.38984375 0.040625 0.0828125
0 0.41875 0.24296875 0.015625 0.0203125
2 0.48046875 0.3796875 0.0296875 0.065625
2 0.5328125 0.38671875 0.03125 0.075