2 0.31796875 0.3921875 0.01640625 0.04609375
2 0.26796875 0.42734375 0.01796875 0.06328125
2 0.40546875 0.43828125 0.015625 0.05859375
2 0.4671875 0.41640625 0.0203125 0.059375
2 0.546875 0.43203125 0.021875 0.0515625
2 0.546875 0.41171875 0.01484375 0.046875
2 0.6953125 0.39921875 0.01171875 0.05
2 0.76171875 0.4328125 0.01796875 0.053125
2 0.4671875 0.55078125 0.021875 0.06796875
2 0.4078125 0.59921875 0.03515625 0.08359375
2 0.6078125 0.6140625 0.02109375 0.0828125
2 0.621875 0.6171875 0.02578125 0.07734375
2 0.75078125 0.61015625 0.02265625 0.09609375
2 0.80390625 0.67421875 0.021875 0.09453125
0 0.634375 0.571875 0.009375 0.01484375