2 0.4203125 0.48359375 0.0421875 0.0640625
2 0.76640625 0.4140625 0.0328125 0.075
2 0.76640625 0.38984375 0.040625 0.065625
2 0.2203125 0.43203125 0.040625 0.05625
2 0.54296875 0.41015625 0.0359375 0.0671875
2 0.71484375 0.95546875 0.0609375 0.0890625
2 0.68828125 0.91328125 0.06875 0.1078125
2 0.28828125 0.46171875 0.0421875 0.0828125
2 0.378125 0.5296875 0.04375 0.08125
2 0.384375 0.334375 0.034375 0.0625
2 0.35390625 0.28984375 0.0296875 0.05
2 0.51875 0.40859375 0.0359375 0.071875
0 0.3734375 0.52734375 0.015625 0.0234375