0 0.67109375 0.4265625 0.015625 0.0171875
2 0.66953125 0.6078125 0.0421875 0.0984375
2 0.60234375 0.65234375 0.0421875 0.06875
2 0.35703125 0.525 0.0359375 0.08125
2 0.134375 0.60625 0.046875 0.125
2 0.16015625 0.61328125 0.0515625 0.11875
2 0.715625 0.5203125 0.0375 0.0828125
2 0.44765625 0.80546875 0.059375 0.15
2 0.5875 0.3125 0.0203125 0.0375
2 0.28515625 0.49765625 0.046875 0.109375
2 0.5484375 0.32109375 0.021875 0.0484375
2 0.51484375 0.35390625 0.0234375 0.0484375
2 0.35 0.33671875 0.0171875 0.0546875
2 0.528125 0.34375 0.0171875 0.05
2 0.3421875 0.33125 0.015625 0.05