2 0.38671875 0.71171875 0.0484375 0.0984375
2 0.4875 0.2921875 0.028125 0.046875
2 0.3421875 0.79140625 0.0578125 0.1046875
2 0.34609375 0.38203125 0.0390625 0.065625
2 0.39609375 0.353125 0.0359375 0.0640625
2 0.56171875 0.53125 0.040625 0.0703125
2 0.2828125 0.44921875 0.03125 0.0515625
2 0.51875 0.5265625 0.0390625 0.059375
2 0.278125 0.49765625 0.0328125 0.0578125
2 0.48046875 0.2640625 0.0171875 0.0453125
2 0.27109375 0.35 0.04375 0.059375
2 0.26875 0.3359375 0.03125 0.0625
2 0.19765625 0.46015625 0.03125 0.05
2 0.19296875 0.4796875 0.034375 0.075