2 0.4078125 0.41484375 0.028125 0.0609375
2 0.27265625 0.25546875 0.0203125 0.046875
2 0.5734375 0.2875 0.0203125 0.034375
2 0.35 0.23984375 0.0203125 0.034375
2 0.5015625 0.26796875 0.0203125 0.0359375
2 0.37734375 0.4234375 0.0265625 0.0625
2 0.6296875 0.3390625 0.021875 0.0390625
2 0.6328125 0.3203125 0.0234375 0.0296875
2 0.525 0.3546875 0.0234375 0.046875
2 0.66796875 0.290625 0.021875 0.0484375
2 0.50859375 0.2296875 0.0203125 0.0390625
2 0.55546875 0.296875 0.01875 0.034375
2 0.6671875 0.26015625 0.0171875 0.0359375
2 0.52890625 0.33046875 0.01875 0.0359375
0 0.625 0.3359375 0.009375 0.0109375