2 0.69375 0.5859375 0.040625 0.0859375
2 0.76328125 0.6203125 0.0453125 0.0921875
2 0.2546875 0.56328125 0.0390625 0.075
2 0.5078125 0.4890625 0.034375 0.06875
2 0.29765625 0.31953125 0.0328125 0.0578125
2 0.34140625 0.48125 0.0375 0.0734375
2 0.2515625 0.34609375 0.0265625 0.05625
2 0.38515625 0.3578125 0.0328125 0.0609375
2 0.35390625 0.31640625 0.0296875 0.0625
2 0.61953125 0.26171875 0.0296875 0.046875
2 0.646875 0.275 0.028125 0.0546875
2 0.57421875 0.45234375 0.0328125 0.0703125
2 0.52734375 0.54609375 0.0390625 0.05625
2 0.5640625 0.45625 0.025 0.0765625
0 0.5765625 0.45078125 0.0125 0.0125