2 0.02265625 0.72734375 0.028125 0.0875
2 0.128125 0.69140625 0.05 0.0875
2 0.16015625 0.50234375 0.0390625 0.096875
2 0.225 0.4546875 0.03125 0.084375
2 0.309375 0.34921875 0.0265625 0.065625
2 0.33203125 0.3390625 0.0265625 0.0484375
2 0.43515625 0.41875 0.028125 0.0828125
2 0.4453125 0.49375 0.0328125 0.084375
0 0.36875 0.33125 0.0140625 0.01875
2 0.59609375 0.34765625 0.040625 0.0671875
2 0.6015625 0.3765625 0.0328125 0.071875
2 0.63828125 0.68984375 0.040625 0.11875
2 0.5890625 0.7546875 0.046875 0.13125