2 0.634375 0.36796875 0.0265625 0.065625
2 0.165625 0.64140625 0.05625 0.096875
2 0.24921875 0.86796875 0.065625 0.1625
2 0.11171875 0.64609375 0.053125 0.09375
2 0.55234375 0.44296875 0.0296875 0.08125
2 0.2796875 0.38203125 0.0265625 0.059375
2 0.7 0.725 0.0453125 0.1328125
2 0.15859375 0.828125 0.0609375 0.1359375
2 0.303125 0.396875 0.0265625 0.065625
2 0.39921875 0.4390625 0.0296875 0.0734375
2 0.52421875 0.440625 0.028125 0.071875
2 0.62109375 0.7296875 0.04375 0.125
2 0.4078125 0.40859375 0.028125 0.0765625
2 0.565625 0.41640625 0.0234375 0.0765625
0 0.40703125 0.40859375 0.0140625 0.0171875