2 0.803125 0.27578125 0.01953125 0.05703125
2 0.1421875 0.76171875 0.03984375 0.09609375
2 0.7390625 0.41171875 0.03125 0.04609375
2 0.5296875 0.28359375 0.01953125 0.04453125
2 0.2109375 0.86484375 0.04453125 0.10390625
2 0.78125 0.36953125 0.03203125 0.05546875
2 0.6296875 0.41953125 0.028125 0.05859375
2 0.55859375 0.371875 0.021875 0.046875
2 0.75625 0.284375 0.01875 0.05390625
2 0.4875 0.25546875 0.01484375 0.046875
2 0.4234375 0.29296875 0.01640625 0.053125
2 0.7890625 0.44296875 0.02890625 0.04453125
2 0.43671875 0.290625 0.01484375 0.06328125
2 0.78984375 0.346875 0.0109375 0.0203125