2 0.78515625 0.6515625 0.046875 0.0875
2 0.44296875 0.60546875 0.0359375 0.084375
2 0.5046875 0.5625 0.0328125 0.0734375
2 0.21484375 0.58828125 0.034375 0.0703125
2 0.31875 0.5 0.034375 0.06875
2 0.48046875 0.2890625 0.0203125 0.0359375
2 0.509375 0.36796875 0.0265625 0.0484375
2 0.684375 0.38984375 0.025 0.0484375
2 0.43671875 0.28203125 0.01875 0.034375
2 0.6421875 0.31015625 0.0140625 0.040625
2 0.80078125 0.6671875 0.0421875 0.084375
2 0.66640625 0.396875 0.0296875 0.0515625
2 0.521875 0.3890625 0.0234375 0.05
2 0.64921875 0.309375 0.0140625 0.04375