2 0.67578125 0.5671875 0.03671875 0.125
2 0.6171875 0.55078125 0.04609375 0.109375
2 0.56171875 0.3953125 0.02734375 0.08203125
2 0.4703125 0.36328125 0.02265625 0.07578125
2 0.37734375 0.29765625 0.021875 0.07578125
2 0.43671875 0.2953125 0.01484375 0.0640625
2 0.43515625 0.25 0.0125 0.05390625
2 0.4421875 0.2484375 0.01171875 0.04296875
2 0.4375 0.4828125 0.03671875 0.11015625
2 0.43515625 0.453125 0.02734375 0.0875
2 0.078125 0.49921875 0.04609375 0.11171875
2 0.12109375 0.50390625 0.04375 0.115625
2 0.12265625 0.47578125 0.0390625 0.1078125