2 0.615625 0.5609375 0.053125 0.0921875
2 0.4015625 0.378125 0.0421875 0.0671875
2 0.36953125 0.2125 0.0359375 0.0625
2 0.59140625 0.3265625 0.040625 0.059375
2 0.5828125 0.63828125 0.059375 0.0984375
2 0.47421875 0.23046875 0.0328125 0.053125
2 0.3375 0.2046875 0.0359375 0.0578125
2 0.415625 0.421875 0.046875 0.0796875
2 0.67734375 0.321875 0.0375 0.06875
2 0.52265625 0.33125 0.040625 0.0640625
2 0.75703125 0.33203125 0.0328125 0.059375
2 0.48984375 0.440625 0.0453125 0.0828125
2 0.48046875 0.2046875 0.028125 0.0453125
2 0.603125 0.31484375 0.03125 0.0734375
0 0.52734375 0.32109375 0.0125 0.0171875