2 0.38046875 0.42890625 0.0359375 0.06640625
2 0.2328125 0.28828125 0.03203125 0.05390625
2 0.2015625 0.31171875 0.025 0.0515625
2 0.425 0.50546875 0.03125 0.071875
2 0.325 0.51328125 0.0296875 0.06796875
2 0.49921875 0.3390625 0.02734375 0.05234375
2 0.50546875 0.33828125 0.015625 0.059375
2 0.0375 0.55546875 0.03203125 0.08359375
2 0.5171875 0.51328125 0.02890625 0.06796875
2 0.3390625 0.2265625 0.01953125 0.046875
2 0.3109375 0.23671875 0.02265625 0.0484375
2 0.5328125 0.27578125 0.02109375 0.05703125
2 0.55859375 0.26328125 0.021875 0.0671875