2 0.92734375 0.59921875 0.046875 0.0859375
2 0.61015625 0.3640625 0.028125 0.05625
2 0.53515625 0.50546875 0.05 0.1
2 0.5546875 0.39765625 0.0359375 0.0671875
2 0.62890625 0.46953125 0.0390625 0.0796875
2 0.62890625 0.70625 0.0609375 0.1234375
2 0.43671875 0.546875 0.05 0.103125
2 0.3390625 0.296875 0.025 0.046875
2 0.31484375 0.3328125 0.0390625 0.0625
2 0.28359375 0.4125 0.0390625 0.0875
2 0.3546875 0.459375 0.0375 0.0875
2 0.3578125 0.43125 0.0390625 0.0875
2 0.31171875 0.44453125 0.0421875 0.0890625
2 0.2625 0.4203125 0.0421875 0.0875
0 0.309375 0.3328125 0.0109375 0.015625