2 0.4890625 0.2484375 0.028125 0.046875
2 0.27265625 0.4515625 0.0390625 0.0703125
2 0.284375 0.17890625 0.0296875 0.0546875
2 0.425 0.2109375 0.0265625 0.046875
2 0.3890625 0.3859375 0.0359375 0.0640625
2 0.46328125 0.246875 0.028125 0.046875
2 0.22734375 0.4921875 0.0328125 0.071875
2 0.3234375 0.21171875 0.0296875 0.05
2 0.40234375 0.22578125 0.028125 0.046875
2 0.47734375 0.1765625 0.021875 0.0546875
2 0.4890625 0.17109375 0.0234375 0.0421875
2 0.409375 0.540625 0.0390625 0.0734375
2 0.38828125 0.5625 0.040625 0.0859375
2 0.39609375 0.35703125 0.0203125 0.0375