2 0.60078125 0.5890625 0.0296875 0.059375
2 0.41953125 0.55234375 0.0265625 0.05625
2 0.48359375 0.54609375 0.025 0.053125
2 0.5296875 0.553125 0.0265625 0.053125
2 0.4609375 0.54375 0.01875 0.040625
2 0.40546875 0.52265625 0.025 0.05
2 0.47734375 0.321875 0.0140625 0.021875
2 0.5078125 0.33046875 0.015625 0.0234375
2 0.446875 0.3171875 0.009375 0.028125
2 0.44140625 0.3171875 0.009375 0.0234375
0 0.590625 0.3078125 0.0078125 0.009375
2 0.559375 0.33359375 0.0109375 0.025
2 0.5234375 0.33125 0.0125 0.0296875
2 0.51953125 0.32421875 0.009375 0.0234375
2 0.45546875 0.58125 0.0234375 0.0640625