2 0.703125 0.35078125 0.0328125 0.0609375
2 0.48984375 0.571875 0.0390625 0.0734375
2 0.1796875 0.7734375 0.0484375 0.096875
2 0.296875 0.38046875 0.0296875 0.05625
2 0.25 0.74375 0.046875 0.0921875
2 0.50703125 0.35234375 0.0296875 0.0578125
2 0.45078125 0.59765625 0.0390625 0.071875
2 0.68359375 0.38125 0.0328125 0.0625
2 0.46796875 0.378125 0.028125 0.05625
2 0.56484375 0.53359375 0.0390625 0.0734375
2 0.2109375 0.40859375 0.028125 0.059375
2 0.425 0.6046875 0.040625 0.0765625
2 0.58046875 0.53984375 0.0390625 0.071875
2 0.42265625 0.65078125 0.0390625 0.0875