2 0.53125 0.32578125 0.0109375 0.01796875
2 0.47109375 0.32421875 0.009375 0.02109375
2 0.503125 0.321875 0.009375 0.0234375
2 0.453125 0.60703125 0.02265625 0.05546875
2 0.375 0.61953125 0.02109375 0.05859375
2 0.5890625 0.62265625 0.02421875 0.05703125
2 0.6140625 0.59765625 0.021875 0.05703125
2 0.5828125 0.32265625 0.009375 0.02265625
2 0.5 0.61484375 0.0265625 0.06796875
2 0.54453125 0.615625 0.01796875 0.06875
2 0.51484375 0.31953125 0.009375 0.01953125
2 0.53125 0.62421875 0.01875 0.06484375
2 0.54765625 0.32421875 0.00859375 0.025
2 0.5734375 0.321875 0.0078125 0.02578125
0 0.425 0.39609375 0.0078125 0.01328125