2 0.10546875 0.45859375 0.0296875 0.0640625
2 0.45234375 0.403125 0.025 0.053125
2 0.13984375 0.5578125 0.034375 0.0765625
2 0.3953125 0.2890625 0.0265625 0.046875
2 0.36171875 0.29296875 0.0234375 0.046875
2 0.34375 0.346875 0.0234375 0.04375
2 0.3625 0.4796875 0.028125 0.0625
2 0.16640625 0.56328125 0.0359375 0.0796875
2 0.48984375 0.45546875 0.025 0.0671875
2 0.49921875 0.43984375 0.0265625 0.059375
2 0.15 0.4828125 0.0296875 0.0640625
2 0.4125 0.346875 0.0234375 0.053125
2 0.43515625 0.3484375 0.021875 0.0515625
2 0.353125 0.3546875 0.021875 0.046875
0 0.35078125 0.35078125 0.0078125 0.0125