2 0.36171875 0.5390625 0.0453125 0.08125
2 0.47734375 0.446875 0.040625 0.0640625
2 0.51640625 0.759375 0.0515625 0.1
2 0.2015625 0.83125 0.0578125 0.10625
2 0.69375 0.740625 0.059375 0.1046875
2 0.634375 0.69453125 0.05 0.0953125
2 0.33359375 0.4453125 0.034375 0.0578125
2 0.65078125 0.378125 0.0359375 0.06875
2 0.60859375 0.3265625 0.034375 0.0640625
2 0.13359375 0.79296875 0.0578125 0.1015625
2 0.49609375 0.69453125 0.05 0.09375
2 0.453125 0.4140625 0.0390625 0.06875
0 0.45703125 0.40703125 0.0125 0.0171875