2 0.2234375 0.37890625 0.03046875 0.05546875
2 0.2609375 0.31484375 0.0234375 0.05390625
2 0.26875 0.40234375 0.0265625 0.05390625
2 0.5046875 0.37890625 0.02421875 0.05546875
2 0.2390625 0.25546875 0.01953125 0.04140625
2 0.3375 0.2828125 0.01953125 0.0484375
2 0.45546875 0.41171875 0.0265625 0.05703125
2 0.41796875 0.45078125 0.0265625 0.05703125
2 0.36796875 0.26796875 0.0203125 0.046875
2 0.4828125 0.34140625 0.01875 0.046875
2 0.26953125 0.25546875 0.01875 0.04453125
2 0.2859375 0.3328125 0.02109375 0.0515625
2 0.4234375 0.290625 0.01953125 0.04453125
0 0.49140625 0.4140625 0.0109375 0.00859375
2 0.4203125 0.2734375 0.009375 0.03359375