2 0.88125 0.390625 0.0296875 0.0640625
2 0.53046875 0.39609375 0.025 0.053125
2 0.86484375 0.49453125 0.034375 0.0765625
2 0.56640625 0.2734375 0.0265625 0.046875
2 0.6 0.27265625 0.0234375 0.046875
2 0.62734375 0.321875 0.0234375 0.04375
2 0.63203125 0.45625 0.028125 0.0625
2 0.8390625 0.5046875 0.0359375 0.0796875
2 0.50234375 0.4546875 0.025 0.0671875
2 0.48984375 0.440625 0.0265625 0.059375
2 0.84140625 0.42265625 0.0296875 0.0640625
2 0.559375 0.334375 0.0234375 0.053125
2 0.5375 0.3390625 0.021875 0.0515625
2 0.61953125 0.33125 0.021875 0.046875
0 0.62109375 0.32734375 0.0078125 0.0125