2 0.49609375 0.5546875 0.046875 0.0828125
2 0.50078125 0.2546875 0.03125 0.046875
2 0.61796875 0.58984375 0.0546875 0.0796875
2 0.8359375 0.415625 0.0484375 0.0796875
2 0.72421875 0.340625 0.040625 0.0703125
2 0.26875 0.6546875 0.0625 0.1078125
2 0.42890625 0.6859375 0.059375 0.1140625
2 0.67109375 0.325 0.04375 0.06875
2 0.2390625 0.32109375 0.0375 0.065625
2 0.8828125 0.41171875 0.0390625 0.071875
2 0.56640625 0.57734375 0.059375 0.08125
2 0.21953125 0.32109375 0.0390625 0.084375
2 0.48046875 0.27578125 0.028125 0.05625
2 0.21484375 0.7515625 0.0640625 0.1515625
0 0.43203125 0.64765625 0.0171875 0.01875