2 0.6671875 0.48515625 0.0390625 0.071875
2 0.8328125 0.4921875 0.0359375 0.0796875
2 0.19296875 0.3796875 0.0265625 0.0578125
2 0.13984375 0.496875 0.0328125 0.0671875
2 0.1515625 0.346875 0.0265625 0.059375
2 0.01015625 0.4703125 0.0203125 0.071875
2 0.4359375 0.5046875 0.0296875 0.0703125
2 0.6140625 0.5171875 0.034375 0.08125
2 0.48125 0.4796875 0.025 0.0625
2 0.8359375 0.71875 0.0328125 0.0875
2 0.79140625 0.72109375 0.0390625 0.096875
2 0.6328125 0.359375 0.0265625 0.0625
0 0.75546875 0.515625 0.0203125 0.0203125
2 0.81015625 0.44609375 0.040625 0.075
2 0.65234375 0.3546875 0.025 0.0578125