2 0.6671875 0.48828125 0.03828125 0.07109375
2 0.8328125 0.49765625 0.034375 0.07890625
2 0.1953125 0.37421875 0.02578125 0.05703125
2 0.13984375 0.490625 0.03125 0.06640625
2 0.15390625 0.340625 0.025 0.05859375
2 0.0109375 0.46171875 0.02109375 0.07109375
2 0.4359375 0.50390625 0.028125 0.06953125
2 0.6140625 0.51953125 0.03359375 0.08046875
2 0.48125 0.4796875 0.02421875 0.0625
2 0.83203125 0.72421875 0.03125 0.0875
2 0.7875 0.72578125 0.03671875 0.09609375
2 0.63515625 0.36171875 0.025 0.0625
0 0.75546875 0.5203125 0.01953125 0.0203125
2 0.8109375 0.4515625 0.03984375 0.07421875
2 0.6546875 0.35703125 0.0234375 0.05703125