2 0.3265625 0.64609375 0.0453125 0.0859375
2 0.6390625 0.45078125 0.040625 0.065625
2 0.5796875 0.72421875 0.0515625 0.0890625
2 0.67109375 0.7484375 0.046875 0.0796875
2 0.6796875 0.67109375 0.0453125 0.08125
2 0.88828125 0.4921875 0.0546875 0.0859375
2 0.3953125 0.67265625 0.0453125 0.078125
2 0.353125 0.3984375 0.0359375 0.065625
2 0.4765625 0.5359375 0.04375 0.0890625
2 0.49453125 0.315625 0.03125 0.0578125
2 0.51953125 0.35546875 0.0375 0.065625
2 0.80625 0.43828125 0.0375 0.071875
2 0.325 0.50234375 0.034375 0.065625
2 0.61484375 0.34453125 0.028125 0.046875
0 0.61875 0.3578125 0.0109375 0.01875