2 0.465625 0.31484375 0.021875 0.040625
2 0.47109375 0.33125 0.0203125 0.040625
2 0.62890625 0.35546875 0.01875 0.0421875
2 0.66328125 0.378125 0.025 0.053125
2 0.61640625 0.365625 0.025 0.0421875
2 0.60625 0.3828125 0.025 0.0421875
2 0.49609375 0.3515625 0.021875 0.0546875
2 0.5109375 0.3609375 0.028125 0.05625
2 0.78046875 0.46015625 0.0265625 0.0546875
2 0.7296875 0.4890625 0.028125 0.0609375
2 0.428125 0.421875 0.0359375 0.0671875
2 0.43125 0.45625 0.0296875 0.065625
2 0.2640625 0.3953125 0.0265625 0.0625
2 0.26484375 0.42578125 0.0375 0.071875
0 0.60703125 0.39609375 0.0109375 0.009375