0 0.6515625 0.5859375 0.00625 0.0109375
2 0.52421875 0.57421875 0.03125 0.0640625
2 0.45625 0.56015625 0.03125 0.075
2 0.58203125 0.58046875 0.03125 0.0734375
2 0.5375 0.228125 0.0109375 0.0234375
2 0.49765625 0.22109375 0.0109375 0.021875
2 0.6921875 0.5921875 0.0296875 0.0734375
2 0.33984375 0.5546875 0.03125 0.078125
2 0.5140625 0.22265625 0.009375 0.01875
2 0.6546875 0.6140625 0.03125 0.0796875
2 0.48828125 0.22265625 0.0125 0.0234375
2 0.4703125 0.22578125 0.0109375 0.021875
2 0.36015625 0.559375 0.0296875 0.0890625
2 0.50546875 0.2265625 0.0078125 0.0296875
2 0.521875 0.22890625 0.009375 0.028125