2 0.41328125 0.56328125 0.03125 0.06875
2 0.44375 0.39375 0.01875 0.0359375
2 0.83984375 0.609375 0.0328125 0.0609375
2 0.546875 0.4078125 0.0234375 0.05
2 0.15 0.56953125 0.0265625 0.0578125
2 0.5640625 0.56875 0.021875 0.0796875
2 0.56484375 0.54609375 0.0265625 0.0671875
2 0.8953125 0.571875 0.0328125 0.08125
2 0.36953125 0.4140625 0.0203125 0.040625
2 0.20078125 0.5921875 0.03125 0.0734375
2 0.4046875 0.49765625 0.0234375 0.05625
2 0.34296875 0.3578125 0.0171875 0.0390625
2 0.42734375 0.3953125 0.0125 0.0421875
2 0.5640625 0.38515625 0.015625 0.0484375
0 0.403125 0.43359375 0.0109375 0.0140625