2 0.62109375 0.52734375 0.0328125 0.0453125
2 0.66328125 0.45859375 0.0296875 0.046875
2 0.10703125 0.48515625 0.0484375 0.078125
2 0.18359375 0.5671875 0.04375 0.075
2 0.7703125 0.67734375 0.0453125 0.078125
2 0.46171875 0.5359375 0.0453125 0.084375
2 0.46015625 0.51015625 0.0328125 0.0640625
2 0.5640625 0.446875 0.0375 0.059375
2 0.65625 0.509375 0.0296875 0.040625
2 0.8359375 0.72109375 0.0578125 0.0671875
2 0.459375 0.41796875 0.0328125 0.05625
2 0.43515625 0.39921875 0.03125 0.05625
2 0.55703125 0.46875 0.0328125 0.059375
0 0.55 0.4390625 0.009375 0.0125
2 0.68046875 0.4171875 0.028125 0.05625