2 0.72890625 0.69296875 0.0390625 0.0984375
2 0.32421875 0.50859375 0.0359375 0.071875
2 0.66015625 0.34453125 0.0296875 0.04375
2 0.25390625 0.296875 0.028125 0.0578125
2 0.60390625 0.27734375 0.0265625 0.053125
2 0.45 0.48125 0.0328125 0.0703125
2 0.5796875 0.259375 0.0234375 0.0484375
2 0.49921875 0.43046875 0.028125 0.059375
2 0.415625 0.47109375 0.03125 0.06875
2 0.70234375 0.3734375 0.03125 0.053125
2 0.5984375 0.5625 0.034375 0.090625
2 0.2203125 0.30703125 0.0296875 0.0625
2 0.7625 0.74453125 0.040625 0.0828125
2 0.57421875 0.5453125 0.0328125 0.0703125
0 0.6078125 0.5609375 0.015625 0.021875