2 0.625 0.43984375 0.0421875 0.06875
2 0.784375 0.3125 0.0359375 0.05625
2 0.8140625 0.33828125 0.0296875 0.053125
2 0.57421875 0.51171875 0.0375 0.075
2 0.6734375 0.528125 0.0359375 0.0703125
2 0.51484375 0.33984375 0.03125 0.0546875
2 0.50859375 0.33828125 0.0203125 0.0609375
2 0.95625 0.5953125 0.0390625 0.0859375
2 0.48203125 0.51171875 0.034375 0.0703125
2 0.684375 0.24140625 0.0234375 0.0484375
2 0.7109375 0.25390625 0.0265625 0.05
2 0.48671875 0.2734375 0.0265625 0.059375
2 0.4625 0.259375 0.028125 0.06875