2 0.621875 0.540625 0.0375 0.0765625
2 0.28359375 0.759375 0.040625 0.09375
2 0.2671875 0.66328125 0.0375 0.084375
2 0.434375 0.42421875 0.025 0.046875
2 0.81953125 0.50625 0.040625 0.0609375
2 0.58671875 0.34921875 0.0203125 0.0421875
2 0.38203125 0.39609375 0.021875 0.040625
2 0.43828125 0.63359375 0.028125 0.078125
2 0.42734375 0.603125 0.0328125 0.0671875
2 0.871875 0.48984375 0.025 0.0625
2 0.5765625 0.39375 0.028125 0.05625
2 0.51171875 0.3734375 0.0171875 0.0484375
2 0.5 0.378125 0.0171875 0.0453125
2 0.60234375 0.49140625 0.0265625 0.0640625
0 0.58125 0.415625 0.0140625 0.015625