2 0.5703125 0.82734375 0.0578125 0.134375
2 0.3078125 0.6015625 0.046875 0.103125
2 0.36875 0.45 0.0296875 0.065625
2 0.321875 0.33984375 0.0234375 0.05
2 0.35625 0.34296875 0.025 0.0484375
2 0.41484375 0.44609375 0.034375 0.071875
2 0.61953125 0.72578125 0.046875 0.1234375
2 0.57734375 0.37421875 0.021875 0.046875
2 0.23671875 0.43671875 0.0328125 0.065625
2 0.7359375 0.51015625 0.0421875 0.0625
2 0.54921875 0.36171875 0.0203125 0.0453125
0 0.72734375 0.340625 0.0125 0.01875
2 0.6234375 0.3875 0.025 0.053125
2 0.56328125 0.34765625 0.01875 0.05625