2 0.425 0.678125 0.0390625 0.0875
2 0.54453125 0.75234375 0.0390625 0.08125
2 0.69765625 0.70078125 0.0375 0.075
2 0.81171875 0.4546875 0.0234375 0.0578125
2 0.78515625 0.7328125 0.040625 0.0671875
2 0.7234375 0.42578125 0.025 0.05
2 0.5796875 0.7734375 0.0359375 0.084375
2 0.36171875 0.33984375 0.0234375 0.05625
2 0.47578125 0.44609375 0.028125 0.0703125
2 0.50625 0.39453125 0.021875 0.046875
2 0.38046875 0.3421875 0.021875 0.0546875
2 0.4875 0.38828125 0.021875 0.046875
2 0.45703125 0.43359375 0.025 0.0640625
2 0.434375 0.73203125 0.0359375 0.109375