2 0.72265625 0.28515625 0.028125 0.0609375
2 0.51953125 0.55546875 0.0515625 0.0890625
2 0.69765625 0.5078125 0.05 0.0765625
2 0.68359375 0.7484375 0.05 0.103125
2 0.890625 0.62109375 0.04375 0.0875
2 0.415625 0.32890625 0.028125 0.05
2 0.5625 0.4921875 0.0421875 0.08125
2 0.26171875 0.38359375 0.034375 0.0578125
2 0.225 0.4078125 0.0359375 0.0625
2 0.4546875 0.80859375 0.0515625 0.0890625
2 0.73828125 0.2859375 0.0296875 0.06875
2 0.40703125 0.35546875 0.0234375 0.05
2 0.65859375 0.75390625 0.0609375 0.1078125
2 0.43671875 0.94140625 0.0640625 0.1171875
0 0.65234375 0.72265625 0.0109375 0.0109375