2 0.76171875 0.49453125 0.0265625 0.065625
2 0.23671875 0.45546875 0.0265625 0.06875
2 0.2828125 0.26171875 0.021875 0.0421875
2 0.48046875 0.265625 0.0234375 0.053125
2 0.28046875 0.4375 0.0234375 0.0453125
2 0.5796875 0.278125 0.021875 0.046875
2 0.21796875 0.27109375 0.021875 0.04375
2 0.540625 0.2734375 0.021875 0.046875
2 0.38203125 0.2828125 0.01875 0.0546875
2 0.39921875 0.26484375 0.0203125 0.05
2 0.596875 0.35078125 0.021875 0.0546875
2 0.45546875 0.28359375 0.0203125 0.046875
2 0.57578125 0.37578125 0.0203125 0.0515625
2 0.73125 0.4796875 0.0265625 0.071875