2 0.2765625 0.61796875 0.05 0.084375
2 0.73125 0.5484375 0.040625 0.059375
2 0.740625 0.39375 0.034375 0.0609375
2 0.41640625 0.4140625 0.0359375 0.078125
2 0.4390625 0.41796875 0.0453125 0.065625
2 0.77578125 0.41171875 0.0328125 0.05
2 0.4796875 0.3265625 0.0296875 0.053125
2 0.46015625 0.31171875 0.03125 0.05
2 0.8484375 0.7390625 0.059375 0.0859375
2 0.78046875 0.7390625 0.0515625 0.08125
2 0.70078125 0.546875 0.0515625 0.06875
2 0.9265625 0.52109375 0.040625 0.0625
2 0.32578125 0.60625 0.0421875 0.0796875
2 0.90625 0.43984375 0.03125 0.0453125
0 0.425 0.4046875 0.009375 0.0125