2 0.2609375 0.359375 0.021875 0.06484375
2 0.259375 0.33828125 0.02890625 0.06796875
2 0.8203125 0.52421875 0.0296875 0.06796875
2 0.6828125 0.33828125 0.02109375 0.05390625
2 0.209375 0.96015625 0.04765625 0.0765625
2 0.72578125 0.50390625 0.0296875 0.06640625
2 0.4796875 0.39765625 0.02890625 0.06796875
2 0.6421875 0.37421875 0.02578125 0.06796875
2 0.2578125 0.90546875 0.04765625 0.1109375
2 0.48671875 0.43203125 0.02578125 0.075
2 0.6203125 0.4953125 0.02578125 0.06796875
2 0.60859375 0.52734375 0.0328125 0.103125