2 0.1109375 0.5703125 0.03515625 0.1015625
2 0.5234375 0.53203125 0.03515625 0.078125
2 0.77265625 0.44921875 0.028125 0.07109375
2 0.5671875 0.5078125 0.03046875 0.0734375
2 0.58984375 0.43671875 0.03125 0.065625
2 0.15625 0.54296875 0.03125 0.09453125
2 0.6765625 0.34921875 0.01953125 0.0515625
2 0.525 0.39921875 0.02578125 0.065625
2 0.3671875 0.38046875 0.02421875 0.05546875
2 0.4328125 0.34140625 0.02109375 0.053125
2 0.3328125 0.35859375 0.01953125 0.046875
2 0.4546875 0.33046875 0.02109375 0.053125
0 0.5828125 0.3140625 0.00859375 0.0140625
2 0.659375 0.33359375 0.0203125 0.046875
2 0.840625 0.46640625 0.03359375 0.0984375