2 0.3921875 0.60078125 0.053125 0.1015625
2 0.65625 0.45078125 0.0390625 0.0765625
2 0.8078125 0.6546875 0.05 0.0890625
2 0.3546875 0.33203125 0.0359375 0.0859375
2 0.3796875 0.28515625 0.0359375 0.06875
2 0.575 0.39921875 0.0421875 0.0703125
2 0.4859375 0.64921875 0.0546875 0.10625
2 0.6796875 0.38125 0.0359375 0.0625
2 0.615625 0.3625 0.0375 0.0640625
2 0.88515625 0.646875 0.0515625 0.0890625
2 0.521875 0.58515625 0.0453125 0.10625
2 0.35546875 0.65234375 0.0515625 0.125
0 0.609375 0.36640625 0.0109375 0.0171875