2 0.3828125 0.553125 0.0296875 0.0734375
2 0.7421875 0.73515625 0.03203125 0.090625
2 0.7484375 0.63828125 0.02890625 0.08203125
2 0.55703125 0.41796875 0.0203125 0.04453125
2 0.1828125 0.53984375 0.03515625 0.05703125
2 0.39765625 0.359375 0.015625 0.040625
2 0.60625 0.384375 0.01796875 0.0390625
2 0.575 0.6265625 0.01953125 0.07578125
2 0.5828125 0.5953125 0.02578125 0.065625
2 0.12890625 0.52890625 0.01875 0.0609375
2 0.4125 0.40234375 0.02265625 0.05390625
2 0.475 0.375 0.0125 0.04765625
2 0.4875 0.37890625 0.01328125 0.04453125
2 0.39765625 0.50234375 0.01953125 0.0625
0 0.41015625 0.42421875 0.0125 0.0140625