2 0.42421875 0.4390625 0.04375 0.0703125
2 0.20390625 0.684375 0.0546875 0.10625
2 0.3171875 0.35 0.0296875 0.0578125
2 0.725 0.21328125 0.0359375 0.0625
2 0.75625 0.2140625 0.040625 0.06875
2 0.496875 0.5078125 0.0421875 0.084375
2 0.13828125 0.7390625 0.05625 0.1109375
2 0.49453125 0.2203125 0.0265625 0.0453125
2 0.2171875 0.33125 0.0296875 0.05625
2 0.353125 0.50625 0.0328125 0.0625
2 0.196875 0.33984375 0.03125 0.059375
2 0.47421875 0.2046875 0.025 0.04375
0 0.38359375 0.5015625 0.015625 0.0234375
2 0.34140625 0.53046875 0.040625 0.0734375
2 0.309375 0.31328125 0.0234375 0.04375