2 0.40234375 0.34375 0.0328125 0.059375
2 0.90859375 0.41484375 0.053125 0.0875
2 0.734375 0.371875 0.034375 0.0703125
2 0.6046875 0.6203125 0.0453125 0.0859375
2 0.390625 0.45625 0.0390625 0.0765625
2 0.41015625 0.6375 0.0484375 0.1015625
2 0.471875 0.40234375 0.040625 0.0609375
2 0.3546875 0.3515625 0.0328125 0.059375
2 0.74609375 0.2421875 0.025 0.05625
2 0.63671875 0.19609375 0.025 0.0484375
2 0.61875 0.20234375 0.0265625 0.053125
0 0.496875 0.4375 0.015625 0.0171875
2 0.61328125 0.56484375 0.0359375 0.10625
2 0.4265625 0.59375 0.046875 0.1109375
2 0.75390625 0.2390625 0.0203125 0.0640625