2 0.31875 0.70859375 0.04296875 0.11640625
2 0.7015625 0.54296875 0.04140625 0.09140625
2 0.2796875 0.6640625 0.04140625 0.1
2 0.5046875 0.81953125 0.03515625 0.096875
2 0.7046875 0.37578125 0.03359375 0.059375
2 0.6609375 0.53203125 0.0390625 0.08046875
2 0.59921875 0.64765625 0.0359375 0.10703125
2 0.5859375 0.53984375 0.0296875 0.0875
2 0.66015625 0.35 0.02421875 0.07109375
2 0.6609375 0.31484375 0.02109375 0.04921875
2 0.53203125 0.86796875 0.03828125 0.1390625
2 0.69375 0.4078125 0.02578125 0.07265625
0 0.70625 0.3765625 0.01171875 0.0140625