2 0.74453125 0.603125 0.0421875 0.065625
2 0.284375 0.43125 0.0359375 0.0734375
2 0.29609375 0.38515625 0.0375 0.0640625
2 0.2734375 0.54296875 0.0375 0.0796875
2 0.27421875 0.49375 0.0390625 0.06875
2 0.63515625 0.4359375 0.0375 0.0578125
2 0.4453125 0.346875 0.028125 0.046875
2 0.19609375 0.72265625 0.059375 0.1015625
2 0.803125 0.63125 0.0484375 0.0765625
2 0.15546875 0.571875 0.040625 0.0734375
2 0.484375 0.34453125 0.0296875 0.0484375
2 0.6765625 0.45078125 0.0359375 0.0578125
2 0.6375 0.36171875 0.0375 0.053125
2 0.634375 0.34609375 0.0203125 0.0359375