2 0.80546875 0.37109375 0.0171875 0.0359375
2 0.83359375 0.38359375 0.0171875 0.03125
2 0.85625 0.40546875 0.0109375 0.0375
2 0.86640625 0.41640625 0.0109375 0.0359375
2 0.875 0.43203125 0.0125 0.0328125
2 0.8875 0.4375 0.0125 0.0390625
2 0.94609375 0.49921875 0.0265625 0.0390625
0 0.95234375 0.49453125 0.0109375 0.0125
2 0.11875 0.365625 0.0109375 0.0421875
2 0.10703125 0.39140625 0.0140625 0.0421875
2 0.0734375 0.42578125 0.0109375 0.046875
2 0.08046875 0.421875 0.0125 0.046875
2 0.0875 0.41171875 0.0109375 0.040625
2 0.09453125 0.403125 0.00625 0.0375
2 0.0578125 0.453125 0.015625 0.0484375