2 0.82890625 0.61875 0.0453125 0.1
2 0.58125 0.4625 0.0359375 0.071875
2 0.54375 0.49765625 0.0359375 0.08125
2 0.7203125 0.49765625 0.040625 0.0890625
2 0.39296875 0.3390625 0.03125 0.071875
2 0.20859375 0.2703125 0.0296875 0.0609375
2 0.3640625 0.34609375 0.03125 0.0703125
2 0.69765625 0.24765625 0.0265625 0.0578125
2 0.1640625 0.28828125 0.025 0.0640625
2 0.675 0.24765625 0.025 0.053125
2 0.903125 0.625 0.0515625 0.09375
2 0.53984375 0.24609375 0.01875 0.04375
2 0.6984375 0.49765625 0.034375 0.0859375
0 0.73359375 0.465625 0.015625 0.0234375
2 0.5328125 0.25859375 0.0234375 0.0390625