2 0.1890625 0.70546875 0.028125 0.078125
2 0.6359375 0.72265625 0.02890625 0.07109375
2 0.60078125 0.72734375 0.0359375 0.06796875
2 0.3984375 0.54453125 0.0296875 0.0609375
2 0.4 0.44921875 0.01953125 0.0484375
2 0.5375 0.53828125 0.025 0.05703125
2 0.63125 0.48671875 0.02421875 0.05390625
2 0.08046875 0.63515625 0.0359375 0.07890625
2 0.2859375 0.52421875 0.0296875 0.065625
2 0.35390625 0.4625 0.021875 0.05
2 0.178125 0.6421875 0.02734375 0.07734375
2 0.2734375 0.53671875 0.01640625 0.07421875
2 0.3828125 0.559375 0.02109375 0.06640625