2 0.56640625 0.3234375 0.01484375 0.0390625
2 0.5578125 0.3390625 0.01328125 0.03828125
2 0.3984375 0.33515625 0.0125 0.04140625
2 0.36015625 0.3515625 0.01640625 0.05078125
2 0.40859375 0.34765625 0.01796875 0.03984375
2 0.415625 0.36640625 0.01875 0.03984375
2 0.5296875 0.3546875 0.0125 0.05390625
2 0.51328125 0.3609375 0.01875 0.05390625
2 0.23046875 0.41171875 0.01796875 0.05234375
2 0.27578125 0.44921875 0.01796875 0.059375
2 0.584375 0.4359375 0.02578125 0.0640625
2 0.575 0.46875 0.01953125 0.0625
2 0.75078125 0.43828125 0.01640625 0.06015625
2 0.74453125 0.46796875 0.0265625 0.06875
0 0.4125 0.37890625 0.01015625 0.0078125