2 0.6609375 0.49453125 0.0265625 0.06953125
2 0.4671875 0.45234375 0.02578125 0.0625
2 0.6140625 0.49921875 0.02890625 0.06796875
0 0.48125 0.39296875 0.0140625 0.01640625
2 0.41875 0.415625 0.02421875 0.05859375
2 0.3796875 0.30703125 0.0234375 0.04453125
2 0.1015625 0.39765625 0.02734375 0.05390625
2 0.0828125 0.9078125 0.06015625 0.1125
2 0.4953125 0.48828125 0.0265625 0.059375
2 0.3578125 0.28515625 0.0203125 0.04296875
2 0.30703125 0.653125 0.0375 0.0765625
2 0.0734375 0.40234375 0.02890625 0.0625
2 0.271875 0.3453125 0.01484375 0.05703125
2 0.2828125 0.3265625 0.0125 0.0484375
2 0.43515625 0.37421875 0.01875 0.04296875