2 0.2390625 0.60078125 0.040625 0.0828125
2 0.10078125 0.7234375 0.04375 0.0625
2 0.175 0.53125 0.0453125 0.0671875
2 0.2125 0.67109375 0.0390625 0.0953125
2 0.07109375 0.96484375 0.0703125 0.0703125
2 0.55078125 0.59609375 0.0375 0.078125
2 0.54921875 0.4140625 0.021875 0.059375
2 0.15625 0.41953125 0.028125 0.0546875
2 0.50078125 0.5765625 0.0359375 0.0734375
2 0.08359375 0.66796875 0.040625 0.0703125
2 0.5296875 0.4140625 0.0234375 0.0734375
0 0.53984375 0.3984375 0.009375 0.015625
2 0.17109375 0.41640625 0.028125 0.0625
2 0.15703125 0.5109375 0.0234375 0.0640625
2 0.07109375 0.9078125 0.05625 0.1078125