2 0.05625 0.48671875 0.04296875 0.0875
2 0.5375 0.29140625 0.02109375 0.04453125
2 0.18515625 0.30234375 0.01640625 0.0515625
2 0.6203125 0.57265625 0.03046875 0.09296875
2 0.396875 0.60859375 0.02578125 0.071875
2 0.2671875 0.4015625 0.025 0.0640625
2 0.515625 0.3796875 0.02421875 0.0625
2 0.575 0.29453125 0.02421875 0.046875
2 0.48125 0.340625 0.02421875 0.05546875
0 0.55078125 0.39921875 0.0140625 0.01796875
2 0.29921875 0.23984375 0.01875 0.04296875
2 0.325 0.24453125 0.01875 0.046875
2 0.403125 0.54453125 0.02890625 0.084375
2 0.19453125 0.303125 0.01484375 0.06015625