2 0.44140625 0.25546875 0.0203125 0.04453125
2 0.26796875 0.49609375 0.0265625 0.06640625
2 0.22734375 0.22578125 0.0203125 0.0515625
2 0.37109375 0.23046875 0.01875 0.04453125
2 0.36953125 0.409375 0.025 0.0609375
2 0.415625 0.25859375 0.0203125 0.04453125
2 0.23125 0.54453125 0.01953125 0.06953125
2 0.271875 0.25078125 0.02109375 0.04609375
2 0.3515625 0.24921875 0.02109375 0.04296875
2 0.41640625 0.18671875 0.0125 0.053125
2 0.4265625 0.17890625 0.01640625 0.0390625
2 0.41875 0.55703125 0.02578125 0.06953125
2 0.40234375 0.5828125 0.025 0.0828125
2 0.37109375 0.3796875 0.0140625 0.03515625