2 0.5546875 0.278125 0.021875 0.0578125
2 0.5375 0.2828125 0.0234375 0.065625
2 0.440625 0.2921875 0.0234375 0.05625
2 0.42421875 0.3015625 0.0203125 0.046875
2 0.3390625 0.28125 0.025 0.0515625
2 0.33671875 0.26953125 0.0234375 0.0578125
2 0.65 0.36640625 0.0296875 0.0734375
2 0.63984375 0.3546875 0.034375 0.0640625
2 0.43203125 0.52421875 0.0359375 0.09375
2 0.4609375 0.52578125 0.0421875 0.0984375
2 0.559375 0.471875 0.046875 0.0859375
2 0.55859375 0.45390625 0.053125 0.0859375
2 0.446875 0.36953125 0.0328125 0.075
2 0.4609375 0.3515625 0.028125 0.06875
0 0.57109375 0.4484375 0.009375 0.0140625