2 0.2609375 0.30390625 0.02578125 0.046875
2 0.83359375 0.4078125 0.0265625 0.0625
2 0.1703125 0.315625 0.021875 0.05859375
2 0.39765625 0.31171875 0.0234375 0.0625
2 0.47265625 0.31953125 0.01875 0.05
2 0.45234375 0.36796875 0.0234375 0.05546875
2 0.5484375 0.45703125 0.02578125 0.06953125
2 0.40703125 0.19453125 0.021875 0.04453125
2 0.50703125 0.3796875 0.0265625 0.0625
2 0.6390625 0.36796875 0.025 0.06640625
2 0.3828125 0.17890625 0.015625 0.04140625
2 0.73828125 0.371875 0.025 0.05703125
2 0.42109375 0.30546875 0.01953125 0.07265625
2 0.1890625 0.2890625 0.02109375 0.06484375