2 0.78359375 0.7140625 0.040625 0.115625
2 0.6953125 0.35703125 0.03203125 0.071875
2 0.69140625 0.34140625 0.01953125 0.06171875
2 0.5546875 0.35859375 0.02421875 0.06640625
2 0.5734375 0.41015625 0.0296875 0.07109375
2 0.6125 0.30859375 0.02421875 0.0640625
2 0.46796875 0.78203125 0.0328125 0.08359375
2 0.2375 0.73515625 0.0453125 0.1015625
2 0.6421875 0.33203125 0.028125 0.06640625
2 0.5125 0.76171875 0.0375 0.09296875
2 0.8109375 0.76953125 0.03671875 0.13359375
0 0.6921875 0.334375 0.00625 0.01328125
2 0.29375 0.76015625 0.0515625 0.13671875