2 0.0671875 0.58125 0.0578125 0.0875
2 0.265625 0.4234375 0.0390625 0.059375
2 0.1484375 0.3703125 0.0328125 0.0453125
2 0.23125 0.3125 0.03125 0.05
2 0.39453125 0.57109375 0.046875 0.0765625
2 0.6109375 0.50859375 0.0515625 0.0921875
2 0.4046875 0.50546875 0.0421875 0.0765625
2 0.26171875 0.29921875 0.0328125 0.053125
2 0.396875 0.31015625 0.0296875 0.05
2 0.4921875 0.253125 0.0265625 0.040625
2 0.3875 0.3484375 0.0359375 0.0515625
2 0.590625 0.5125 0.0453125 0.096875
2 0.47578125 0.2546875 0.028125 0.0421875
2 0.1375 0.38359375 0.0296875 0.059375