2 0.521875 0.3125 0.0234375 0.0421875
2 0.5171875 0.3296875 0.021875 0.040625
2 0.36171875 0.36484375 0.021875 0.04375
2 0.328125 0.38984375 0.028125 0.053125
2 0.37421875 0.37421875 0.0265625 0.04375
2 0.3859375 0.390625 0.028125 0.04375
2 0.49375 0.3515625 0.025 0.0546875
2 0.47890625 0.36171875 0.03125 0.05625
2 0.2171875 0.4796875 0.0296875 0.0546875
2 0.2703125 0.5046875 0.03125 0.0625
2 0.56640625 0.4171875 0.040625 0.06875
2 0.56484375 0.4515625 0.034375 0.065625
2 0.728125 0.3796875 0.03125 0.0625
2 0.7296875 0.409375 0.0421875 0.0734375
0 0.3859375 0.40390625 0.0125 0.009375