0 0.31953125 0.45390625 0.01875 0.01875
2 0.34921875 0.63359375 0.05625 0.103125
2 0.42265625 0.66640625 0.0515625 0.0734375
2 0.6453125 0.50234375 0.046875 0.084375
2 0.87734375 0.54765625 0.0640625 0.128125
2 0.853125 0.55859375 0.0671875 0.121875
2 0.290625 0.55390625 0.0484375 0.0859375
2 0.6 0.79375 0.08125 0.1546875
2 0.384375 0.32890625 0.025 0.0390625
2 0.7125 0.4640625 0.0625 0.1125
2 0.42421875 0.33046875 0.028125 0.05
2 0.4625 0.3578125 0.0296875 0.05
2 0.62265625 0.315625 0.025 0.05625
2 0.44765625 0.35 0.025 0.05
2 0.6296875 0.30859375 0.021875 0.05