2 0.7484375 0.203125 0.03203125 0.06640625
2 0.59375 0.33046875 0.04296875 0.078125
2 0.64765625 0.371875 0.0359375 0.07890625
2 0.5203125 0.434375 0.03359375 0.0640625
2 0.53125 0.31328125 0.03125 0.0734375
2 0.85625 0.26171875 0.0328125 0.059375
2 0.54375 0.63203125 0.040625 0.08984375
2 0.5703125 0.603125 0.03359375 0.08359375
2 0.49296875 0.48515625 0.0375 0.09296875
2 0.9734375 0.86015625 0.05078125 0.0875
2 0.9828125 0.74296875 0.0328125 0.09453125
2 0.53671875 0.2671875 0.021875 0.04609375
0 0.58359375 0.315625 0.0109375 0.0265625