2 0.546875 0.51796875 0.02109375 0.046875
2 0.5390625 0.34296875 0.01328125 0.021875
2 0.58515625 0.33515625 0.00703125 0.02265625
2 0.5046875 0.334375 0.0140625 0.025
2 0.4578125 0.34765625 0.0109375 0.0265625
2 0.4234375 0.52265625 0.02265625 0.0484375
2 0.4765625 0.496875 0.0171875 0.053125
2 0.5078125 0.48203125 0.01484375 0.04453125
2 0.42265625 0.346875 0.0125 0.0265625
2 0.44453125 0.34296875 0.0109375 0.021875
2 0.5421875 0.465625 0.0109375 0.0421875
2 0.53125 0.4796875 0.01640625 0.0515625
2 0.4921875 0.49296875 0.01328125 0.05390625
2 0.58203125 0.34375 0.0078125 0.02890625
0 0.3609375 0.3359375 0.0046875 0.00859375