2 0.75859375 0.58359375 0.0390625 0.0890625
2 0.58671875 0.53984375 0.0390625 0.08125
2 0.23828125 0.32578125 0.0265625 0.0546875
2 0.69921875 0.53671875 0.0359375 0.0828125
2 0.3859375 0.27265625 0.028125 0.05625
2 0.53671875 0.48359375 0.0328125 0.05625
2 0.28046875 0.49921875 0.03125 0.06875
2 0.4046875 0.32109375 0.028125 0.059375
2 0.3546875 0.41953125 0.03125 0.065625
2 0.29375 0.30546875 0.025 0.0578125
2 0.61875 0.2609375 0.0265625 0.0484375
2 0.58359375 0.44765625 0.03125 0.0734375
2 0.6484375 0.27265625 0.028125 0.053125
0 0.5984375 0.49296875 0.0140625 0.0203125
2 0.56484375 0.459375 0.028125 0.084375