2 0.2734375 0.490625 0.0421875 0.0671875
2 0.2171875 0.47109375 0.0359375 0.0625
2 0.48046875 0.55625 0.0390625 0.06875
2 0.3296875 0.3828125 0.0265625 0.0453125
2 0.40859375 0.34921875 0.0265625 0.04375
2 0.32890625 0.50078125 0.0296875 0.06875
2 0.32265625 0.4875 0.034375 0.059375
2 0.4609375 0.37578125 0.0234375 0.0421875
2 0.45 0.37890625 0.0296875 0.0484375
2 0.56953125 0.4265625 0.028125 0.046875
2 0.49140625 0.50625 0.034375 0.0578125
2 0.56015625 0.425 0.0265625 0.05
2 0.40859375 0.3328125 0.0203125 0.0375
2 0.34375 0.39296875 0.028125 0.053125