2 0.44140625 0.51640625 0.0359375 0.06875
2 0.61640625 0.74296875 0.0390625 0.0890625
2 0.50234375 0.45859375 0.034375 0.065625
2 0.54140625 0.31875 0.028125 0.0546875
2 0.54296875 0.73046875 0.040625 0.0953125
2 0.43359375 0.31171875 0.0234375 0.05625
2 0.55859375 0.87265625 0.04375 0.1140625
2 0.525 0.28515625 0.025 0.046875
2 0.66328125 0.36171875 0.025 0.053125
2 0.759375 0.41953125 0.0265625 0.053125
2 0.64609375 0.35078125 0.0265625 0.05625
2 0.4421875 0.29375 0.01875 0.059375
2 0.7671875 0.396875 0.0171875 0.03125
2 0.5859375 0.915625 0.065625 0.1171875