2 0.3953125 0.2703125 0.0359375 0.065625
2 0.3875 0.27265625 0.03125 0.0640625
2 0.4375 0.27734375 0.03125 0.0671875
2 0.4875 0.3046875 0.0390625 0.05625
2 0.51328125 0.30625 0.0390625 0.0640625
2 0.51171875 0.228125 0.028125 0.0609375
2 0.56171875 0.19453125 0.021875 0.0515625
2 0.54453125 0.21640625 0.0296875 0.0578125
2 0.6328125 0.27109375 0.03125 0.0609375
2 0.56640625 0.20546875 0.025 0.053125
2 0.565625 0.22109375 0.025 0.053125
2 0.5625 0.2296875 0.0359375 0.0671875
2 0.5859375 0.20078125 0.0265625 0.0578125