2 0.53125 0.27421875 0.028125 0.059375
2 0.51484375 0.2796875 0.0296875 0.065625
2 0.41953125 0.3 0.028125 0.05625
2 0.40390625 0.31015625 0.025 0.0484375
2 0.3171875 0.29921875 0.0296875 0.053125
2 0.31328125 0.28828125 0.028125 0.0578125
2 0.63515625 0.3515625 0.0375 0.0734375
2 0.6234375 0.340625 0.040625 0.065625
2 0.43515625 0.53125 0.04375 0.0953125
2 0.46328125 0.5296875 0.0515625 0.1
2 0.55625 0.46640625 0.0546875 0.0875
2 0.55390625 0.4484375 0.059375 0.0890625
2 0.43359375 0.37578125 0.0390625 0.075
2 0.44609375 0.35625 0.034375 0.06875
0 0.56484375 0.44140625 0.009375 0.0140625