2 0.4953125 0.51015625 0.0265625 0.05390625
2 0.49375 0.57265625 0.02578125 0.0625
2 0.6390625 0.53671875 0.02734375 0.059375
2 0.3390625 0.53671875 0.02421875 0.05703125
2 0.3171875 0.64921875 0.02890625 0.065625
2 0.68359375 0.5453125 0.0234375 0.0625
2 0.2890625 0.3515625 0.01953125 0.046875
2 0.3296875 0.32265625 0.02109375 0.04609375
2 0.6109375 0.27578125 0.01953125 0.040625
2 0.39453125 0.25859375 0.0234375 0.04453125
2 0.68125 0.30234375 0.01953125 0.04296875
2 0.3734375 0.41640625 0.0265625 0.053125
2 0.3890625 0.43046875 0.02109375 0.05390625
2 0.396875 0.2390625 0.0125 0.02890625