2 0.5125 0.4015625 0.0265625 0.0578125
2 0.8 0.53359375 0.0390625 0.0828125
2 0.76171875 0.35390625 0.0296875 0.053125
2 0.4875 0.28359375 0.021875 0.05
2 0.8140625 0.365625 0.0296875 0.0609375
2 0.446875 0.28984375 0.0203125 0.0453125
2 0.4453125 0.38359375 0.025 0.0578125
2 0.61328125 0.49921875 0.0328125 0.065625
2 0.58203125 0.253125 0.0203125 0.053125
2 0.56015625 0.25859375 0.021875 0.0546875
2 0.6796875 0.23203125 0.0171875 0.0234375
2 0.62890625 0.46875 0.021875 0.05625
2 0.796875 0.49296875 0.0328125 0.075
2 0.671875 0.24921875 0.021875 0.04375