2 0.67890625 0.6515625 0.03125 0.065625
2 0.60390625 0.50546875 0.03125 0.0609375
2 0.18359375 0.6171875 0.0359375 0.0859375
2 0.4921875 0.60546875 0.0296875 0.0734375
2 0.48515625 0.40859375 0.0203125 0.046875
2 0.4625 0.36640625 0.01875 0.0453125
2 0.45859375 0.56171875 0.0296875 0.071875
2 0.68046875 0.41171875 0.0203125 0.0421875
2 0.36640625 0.45390625 0.025 0.0609375
2 0.6609375 0.403125 0.01875 0.04375
2 0.471875 0.41015625 0.021875 0.04375
2 0.20546875 0.6046875 0.0375 0.08125
2 0.36640625 0.421875 0.021875 0.0421875
2 0.44453125 0.36328125 0.01875 0.0515625