2 0.615625 0.30546875 0.02109375 0.04140625
2 0.759375 0.478125 0.02734375 0.06640625
2 0.3125 0.43984375 0.01953125 0.05703125
2 0.44375 0.365625 0.02421875 0.05
2 0.6671875 0.31796875 0.02109375 0.046875
2 0.68515625 0.371875 0.0140625 0.0453125
2 0.2875 0.453125 0.025 0.0609375
2 0.74375 0.58046875 0.0296875 0.078125
2 0.41640625 0.28515625 0.0109375 0.0453125
2 0.42890625 0.29296875 0.0171875 0.04453125
2 0.3796875 0.36796875 0.02109375 0.053125
2 0.68515625 0.33828125 0.01875 0.03203125
0 0.42265625 0.30234375 0.00859375 0.00703125
2 0.67890625 0.41328125 0.0171875 0.05390625
2 0.6890625 0.4265625 0.0140625 0.05234375