2 0.64765625 0.64921875 0.0390625 0.075
2 0.62109375 0.78984375 0.0484375 0.0984375
2 0.33515625 0.58671875 0.0359375 0.0609375
2 0.66171875 0.43828125 0.0328125 0.059375
2 0.23515625 0.69453125 0.04375 0.0796875
2 0.5578125 0.9 0.06875 0.10625
2 0.49140625 0.48125 0.0359375 0.071875
2 0.7328125 0.6953125 0.0421875 0.0859375
2 0.515625 0.428125 0.03125 0.065625
2 0.678125 0.40703125 0.0328125 0.065625
2 0.3578125 0.4640625 0.028125 0.0578125
2 0.2671875 0.97421875 0.059375 0.0515625
2 0.2234375 0.97890625 0.059375 0.0421875
2 0.37890625 0.46640625 0.0359375 0.071875
0 0.3328125 0.4546875 0.0140625 0.0171875