2 0.3078125 0.253125 0.028125 0.046875
2 0.30234375 0.56484375 0.0375 0.0578125
2 0.425 0.69296875 0.040625 0.08125
2 0.36640625 0.2328125 0.025 0.046875
2 0.3078125 0.92421875 0.0484375 0.115625
2 0.31484375 0.85625 0.053125 0.103125
2 0.2171875 0.315625 0.028125 0.0515625
2 0.19140625 0.28046875 0.0265625 0.05
2 0.4765625 0.2296875 0.0234375 0.046875
2 0.278125 0.290625 0.028125 0.0484375
2 0.27890625 0.4984375 0.03125 0.05625
2 0.3921875 0.6671875 0.040625 0.0859375
2 0.459375 0.22734375 0.0234375 0.0453125
0 0.31875 0.82109375 0.01875 0.0359375
2 0.3609375 0.20234375 0.0203125 0.0359375