2 0.20234375 0.415625 0.015625 0.05625
2 0.29765625 0.38828125 0.01953125 0.0546875
2 0.7296875 0.4015625 0.01640625 0.059375
2 0.69453125 0.4125 0.02109375 0.06484375
2 0.55546875 0.4046875 0.01953125 0.04765625
2 0.52890625 0.4140625 0.0171875 0.05
2 0.5234375 0.56640625 0.03046875 0.06328125
2 0.53203125 0.5390625 0.0203125 0.05625
2 0.4140625 0.65625 0.02265625 0.0859375
2 0.10625 0.753125 0.03125 0.09296875
2 0.1890625 0.73125 0.028125 0.08359375
2 0.4046875 0.7578125 0.03203125 0.0703125
2 0.57265625 0.7 0.02421875 0.08359375
2 0.584375 0.7109375 0.0296875 0.08125