2 0.83359375 0.27265625 0.01875 0.0515625
2 0.85625 0.28046875 0.0203125 0.0484375
2 0.74921875 0.3 0.01875 0.0515625
2 0.7171875 0.278125 0.0171875 0.0515625
2 0.609375 0.29140625 0.0140625 0.04375
2 0.64765625 0.309375 0.0203125 0.0578125
2 0.61875 0.3265625 0.021875 0.0484375
2 0.5734375 0.32265625 0.021875 0.05
2 0.7734375 0.371875 0.0265625 0.0671875
2 0.93359375 0.459375 0.025 0.0765625
2 0.8046875 0.4546875 0.0265625 0.0640625
2 0.728125 0.40625 0.0296875 0.0734375
2 0.57109375 0.453125 0.0203125 0.0734375
2 0.56015625 0.4796875 0.0265625 0.075
0 0.5609375 0.40234375 0.0078125 0.015625