2 0.29921875 0.26015625 0.0296875 0.0484375
2 0.3046875 0.571875 0.0390625 0.0578125
2 0.43203125 0.6953125 0.0421875 0.0828125
2 0.35703125 0.2375 0.0265625 0.046875
2 0.32265625 0.93046875 0.0515625 0.115625
2 0.32734375 0.8625 0.05625 0.103125
2 0.2109375 0.32578125 0.0296875 0.0515625
2 0.184375 0.29140625 0.028125 0.0515625
2 0.46640625 0.23046875 0.025 0.046875
2 0.27109375 0.2984375 0.0296875 0.0484375
2 0.27890625 0.50625 0.0328125 0.05625
2 0.3984375 0.67109375 0.0421875 0.0859375
2 0.45 0.22890625 0.025 0.0453125
0 0.3296875 0.82734375 0.0203125 0.0359375
2 0.35078125 0.20703125 0.021875 0.0359375