2 0.115625 0.58203125 0.0421875 0.084375
2 0.16875 0.60078125 0.0453125 0.0890625
2 0.11875 0.34140625 0.028125 0.0578125
2 0.1671875 0.30078125 0.03125 0.05
2 0.23515625 0.44453125 0.0375 0.0734375
2 0.2484375 0.45546875 0.0359375 0.0703125
2 0.27109375 0.29375 0.028125 0.0546875
2 0.3046875 0.28671875 0.021875 0.0609375
2 0.603125 0.31640625 0.01875 0.053125
2 0.5828125 0.3234375 0.0203125 0.0546875
2 0.58671875 0.4171875 0.0328125 0.0734375
2 0.6046875 0.42421875 0.0234375 0.071875
0 0.6 0.4140625 0.0078125 0.0125
2 0.61875 0.628125 0.028125 0.0859375
2 0.65859375 0.6640625 0.03125 0.0796875