2 0.67265625 0.73671875 0.0328125 0.08203125
2 0.56875 0.6890625 0.03046875 0.0609375
2 0.27109375 0.559375 0.028125 0.0625
2 0.40625 0.30859375 0.0203125 0.046875
2 0.65 0.35078125 0.02109375 0.04609375
2 0.3671875 0.33828125 0.021875 0.04609375
2 0.58984375 0.37734375 0.021875 0.0484375
2 0.44375 0.53671875 0.02890625 0.065625
2 0.4953125 0.51328125 0.0234375 0.05703125
2 0.675 0.29296875 0.01796875 0.0359375
2 0.5984375 0.303125 0.0203125 0.040625
2 0.21875 0.63671875 0.02421875 0.0625
2 0.43828125 0.69296875 0.0265625 0.0640625
0 0.53125 0.534375 0.01328125 0.0140625
2 0.44765625 0.7015625 0.0234375 0.0765625