2 0.73203125 0.75 0.0421875 0.090625
2 0.94296875 0.4515625 0.0375 0.075
2 0.7046875 0.64140625 0.040625 0.0765625
2 0.575 0.37734375 0.0203125 0.0671875
2 0.56015625 0.384375 0.0171875 0.0546875
2 0.52734375 0.40625 0.025 0.0703125
2 0.46328125 0.4421875 0.0234375 0.06875
2 0.4484375 0.45078125 0.0234375 0.075
2 0.74453125 0.4390625 0.0296875 0.071875
2 0.7609375 0.44921875 0.0359375 0.0703125
2 0.7203125 0.471875 0.028125 0.0828125
0 0.7625 0.446875 0.0125 0.015625
2 0.553125 0.3984375 0.028125 0.0625