2 0.7 0.7078125 0.0421875 0.084375
2 0.471875 0.7875 0.0515625 0.0828125
2 0.425 0.38671875 0.025 0.0453125
2 0.71328125 0.415625 0.028125 0.0515625
2 0.375 0.340625 0.0296875 0.05625
2 0.46171875 0.49609375 0.03125 0.059375
2 0.73671875 0.6765625 0.0390625 0.0703125
2 0.53125 0.7953125 0.0390625 0.078125
2 0.4875 0.48515625 0.0328125 0.06875
2 0.39453125 0.72109375 0.0375 0.0859375
2 0.4453125 0.37265625 0.0234375 0.046875
2 0.42265625 0.72109375 0.0359375 0.0828125
2 0.34765625 0.3421875 0.0265625 0.05625
2 0.80703125 0.45859375 0.0265625 0.0609375