2 0.30078125 0.65546875 0.0375 0.08125
2 0.7359375 0.50703125 0.03125 0.05625
2 0.71796875 0.35390625 0.025 0.0578125
2 0.40234375 0.43046875 0.0234375 0.078125
2 0.42578125 0.4296875 0.0359375 0.0625
2 0.75625 0.36484375 0.025 0.0484375
2 0.44921875 0.3328125 0.021875 0.0515625
2 0.428125 0.32109375 0.0234375 0.0484375
2 0.884375 0.675 0.046875 0.08125
2 0.81796875 0.68671875 0.040625 0.078125
2 0.70625 0.5109375 0.0421875 0.0640625
2 0.9234375 0.446875 0.0328125 0.059375
2 0.346875 0.63515625 0.0296875 0.078125
2 0.8890625 0.3703125 0.025 0.0421875
0 0.41015625 0.41953125 0.0078125 0.0109375