2 0.25390625 0.3125 0.028125 0.0484375
2 0.83046875 0.39609375 0.028125 0.0640625
2 0.1640625 0.32734375 0.0234375 0.059375
2 0.39140625 0.315625 0.025 0.0625
2 0.46640625 0.3203125 0.0203125 0.05
2 0.44765625 0.36953125 0.025 0.05625
2 0.546875 0.45546875 0.028125 0.0703125
2 0.39609375 0.19765625 0.0234375 0.0453125
2 0.503125 0.3796875 0.028125 0.0640625
2 0.634375 0.36328125 0.0265625 0.0671875
2 0.371875 0.1828125 0.0171875 0.0421875
2 0.73359375 0.36328125 0.0265625 0.0578125
2 0.4140625 0.30859375 0.021875 0.0734375
2 0.18203125 0.3 0.0234375 0.065625