2 0.26640625 0.54609375 0.034375 0.0703125
2 0.5015625 0.475 0.03125 0.0625
2 0.74609375 0.45234375 0.0296875 0.0625
2 0.4546875 0.4 0.025 0.0578125
2 0.478125 0.4546875 0.028125 0.0671875
2 0.578125 0.3921875 0.028125 0.0578125
2 0.47265625 0.3828125 0.021875 0.0515625
2 0.62890625 0.3109375 0.0171875 0.05
2 0.61875 0.325 0.0234375 0.0484375
2 0.5109375 0.33828125 0.01875 0.040625
2 0.7578125 0.41171875 0.0265625 0.0671875
2 0.571875 0.36171875 0.0328125 0.0421875
2 0.5015625 0.33515625 0.015625 0.05
2 0.2796875 0.5078125 0.034375 0.0828125