2 0.26875 0.45078125 0.01875 0.05625
2 0.4015625 0.60390625 0.028125 0.08125
2 0.59296875 0.59609375 0.015625 0.075
2 0.6109375 0.615625 0.025 0.078125
2 0.325 0.403125 0.01875 0.04375
2 0.45625 0.41171875 0.01875 0.05625
2 0.71015625 0.49921875 0.021875 0.06875
2 0.81953125 0.63828125 0.0234375 0.08125
2 0.4703125 0.51796875 0.0203125 0.0640625
2 0.3984375 0.46796875 0.0203125 0.059375
2 0.78515625 0.459375 0.01875 0.05625
2 0.51640625 0.41640625 0.015625 0.0640625
2 0.6875 0.40234375 0.0125 0.0515625
2 0.53671875 0.40859375 0.0171875 0.059375
0 0.60625 0.6421875 0.009375 0.0125