2 0.3546875 0.39140625 0.0296875 0.0515625
2 0.7125 0.4546875 0.03125 0.0609375
2 0.25 0.50546875 0.0328125 0.0546875
2 0.29609375 0.40859375 0.03125 0.05625
2 0.703125 0.56171875 0.04375 0.078125
2 0.6296875 0.4296875 0.0265625 0.065625
2 0.63125 0.40234375 0.0265625 0.05625
2 0.2203125 0.528125 0.034375 0.065625
2 0.5890625 0.30390625 0.0265625 0.0453125
2 0.5625 0.30390625 0.025 0.04375
2 0.62109375 0.33671875 0.021875 0.0484375
2 0.33671875 0.32421875 0.025 0.04375
2 0.6296875 0.36171875 0.0203125 0.05
0 0.3421875 0.334375 0.00625 0.009375