2 0.6734375 0.546875 0.03203125 0.0890625
2 0.6734375 0.43828125 0.03046875 0.05703125
2 0.8953125 0.534375 0.03046875 0.09296875
2 0.7234375 0.4625 0.02734375 0.075
2 0.4171875 0.396875 0.02890625 0.07109375
2 0.5515625 0.26171875 0.0203125 0.0515625
2 0.5453125 0.35390625 0.02890625 0.05546875
2 0.2703125 0.25390625 0.02421875 0.053125
2 0.83125 0.50859375 0.03125 0.078125
2 0.6484375 0.22578125 0.01796875 0.04609375
2 0.6640625 0.228125 0.01796875 0.0515625
2 0.24921875 0.25390625 0.02265625 0.07265625
2 0.546875 0.23359375 0.0140625 0.03046875
2 0.71015625 0.42421875 0.0265625 0.075
0 0.71796875 0.46015625 0.01171875 0.0140625