2 0.0609375 0.46640625 0.03828125 0.08046875
2 0.29375 0.365625 0.025 0.05546875
2 0.19375 0.28359375 0.02265625 0.04140625
2 0.2890625 0.24921875 0.0203125 0.04609375
2 0.3796875 0.54140625 0.0296875 0.071875
2 0.6046875 0.53671875 0.0296875 0.0875
2 0.40625 0.48046875 0.025 0.071875
2 0.321875 0.24453125 0.0203125 0.05
2 0.44921875 0.28984375 0.01875 0.04609375
2 0.55625 0.259375 0.01796875 0.0375
2 0.43046875 0.32421875 0.025 0.04609375
2 0.584375 0.5359375 0.021875 0.09453125
2 0.53984375 0.25703125 0.01796875 0.0390625
2 0.1796875 0.29375 0.01484375 0.0578125