2 0.4703125 0.8328125 0.071875 0.1375
2 0.703125 0.57734375 0.0578125 0.10625
2 0.62421875 0.434375 0.0375 0.0671875
2 0.65703125 0.31953125 0.0296875 0.0515625
2 0.6234375 0.3265625 0.0296875 0.05
2 0.578125 0.4359375 0.0421875 0.0734375
2 0.409375 0.73828125 0.0609375 0.1265625
2 0.4078125 0.384375 0.028125 0.046875
2 0.75390625 0.40546875 0.0390625 0.0671875
2 0.26640625 0.53828125 0.0484375 0.065625
2 0.434375 0.36875 0.0265625 0.046875
0 0.2546875 0.36953125 0.0140625 0.01875
2 0.3640625 0.403125 0.03125 0.0546875
2 0.41875 0.35703125 0.025 0.05625