2 0.309375 0.49140625 0.05 0.1078125
2 0.471875 0.60859375 0.04375 0.09375
2 0.51796875 0.78125 0.0578125 0.1234375
2 0.81171875 0.44609375 0.0328125 0.071875
2 0.26875 0.484375 0.0421875 0.0875
2 0.703125 0.4375 0.0359375 0.0546875
2 0.628125 0.29375 0.025 0.0546875
2 0.5484375 0.2953125 0.03125 0.0671875
2 0.60234375 0.31171875 0.0265625 0.05
2 0.584375 0.28828125 0.021875 0.05625
2 0.6421875 0.259375 0.021875 0.059375
2 0.571875 0.29921875 0.0203125 0.065625
2 0.715625 0.41875 0.025 0.0828125
2 0.728125 0.40546875 0.01875 0.0546875