2 0.33671875 0.6078125 0.0328125 0.06875
2 0.27578125 0.3890625 0.025 0.053125
2 0.671875 0.596875 0.0359375 0.06875
2 0.39296875 0.4203125 0.028125 0.053125
2 0.42109375 0.39453125 0.0265625 0.053125
2 0.46953125 0.63828125 0.0328125 0.071875
2 0.3234375 0.35859375 0.0234375 0.0546875
2 0.609375 0.28515625 0.0203125 0.0375
2 0.7015625 0.31953125 0.0265625 0.0484375
2 0.4546875 0.575 0.0296875 0.0671875
2 0.33984375 0.28984375 0.025 0.0453125
2 0.70859375 0.59296875 0.028125 0.0703125
2 0.309375 0.72421875 0.0296875 0.0859375
2 0.34453125 0.28359375 0.01875 0.0453125