2 0.8921875 0.528125 0.053125 0.0875
2 0.8421875 0.55390625 0.05625 0.0921875
2 0.85546875 0.28984375 0.034375 0.059375
2 0.8015625 0.25625 0.0375 0.0515625
2 0.7546875 0.40859375 0.0453125 0.075
2 0.74296875 0.42109375 0.04375 0.071875
2 0.69765625 0.2640625 0.034375 0.05625
2 0.6640625 0.26171875 0.0296875 0.0609375
2 0.371875 0.33203125 0.0265625 0.0546875
2 0.39296875 0.33671875 0.028125 0.05625
2 0.403125 0.4296875 0.0421875 0.075
2 0.3859375 0.43984375 0.0328125 0.0734375
0 0.3890625 0.42890625 0.009375 0.0125
2 0.40078125 0.64296875 0.0390625 0.0875
2 0.365625 0.68515625 0.0421875 0.08125