2 0.76171875 0.48984375 0.025 0.065625
2 0.2359375 0.46015625 0.02578125 0.06796875
2 0.27890625 0.265625 0.021875 0.04140625
2 0.4765625 0.265625 0.021875 0.053125
2 0.2796875 0.44140625 0.0234375 0.04453125
2 0.57578125 0.2765625 0.0203125 0.046875
2 0.2140625 0.27578125 0.021875 0.04296875
2 0.53671875 0.27265625 0.0203125 0.04609375
2 0.378125 0.28515625 0.0171875 0.0546875
2 0.3953125 0.26640625 0.01875 0.05
2 0.59453125 0.34921875 0.0203125 0.05390625
2 0.4515625 0.284375 0.01953125 0.04609375
2 0.5734375 0.37421875 0.01875 0.0515625
2 0.73125 0.47578125 0.02578125 0.07109375