2 0.6578125 0.46640625 0.0375 0.0734375
2 0.459375 0.45859375 0.0359375 0.065625
2 0.6125 0.4796875 0.040625 0.071875
0 0.46328125 0.39765625 0.0171875 0.01875
2 0.40546875 0.43125 0.034375 0.0625
2 0.34765625 0.33046875 0.03125 0.0484375
2 0.08984375 0.46875 0.0359375 0.0578125
2 0.159375 0.95625 0.078125 0.0875
2 0.49296875 0.4890625 0.0359375 0.0625
2 0.32265625 0.31328125 0.028125 0.0453125
2 0.33671875 0.684375 0.05 0.08125
2 0.06328125 0.478125 0.0390625 0.0671875
2 0.2484375 0.3875 0.025 0.059375
2 0.25625 0.3671875 0.0203125 0.05
2 0.4140625 0.3875 0.0265625 0.0453125