2 0.20703125 0.43203125 0.0328125 0.0578125
2 0.52421875 0.82265625 0.0453125 0.096875
2 0.4375 0.309375 0.01875 0.04375
2 0.15546875 0.440625 0.0375 0.0625
2 0.55 0.35546875 0.025 0.0390625
2 0.45390625 0.328125 0.025 0.0484375
2 0.55078125 0.64375 0.028125 0.0703125
2 0.31328125 0.34765625 0.0328125 0.053125
2 0.5703125 0.378125 0.0234375 0.05
2 0.6015625 0.409375 0.025 0.0453125
2 0.65390625 0.38203125 0.0203125 0.059375
2 0.65 0.35234375 0.0140625 0.04375
2 0.6265625 0.41875 0.0203125 0.0578125
2 0.3171875 0.32734375 0.015625 0.0265625