2 0.2203125 0.53984375 0.0359375 0.084375
2 0.37421875 0.5484375 0.0265625 0.059375
2 0.24296875 0.30078125 0.021875 0.0453125
2 0.5765625 0.55 0.028125 0.0671875
2 0.3390625 0.49140625 0.028125 0.0671875
2 0.38984375 0.33203125 0.0140625 0.05
2 0.403125 0.315625 0.0203125 0.05
2 0.29375 0.35078125 0.01875 0.059375
2 0.309375 0.3453125 0.021875 0.0515625
2 0.2734375 0.31015625 0.021875 0.0546875
2 0.53515625 0.3359375 0.0171875 0.0546875
2 0.54453125 0.3359375 0.01875 0.0515625
2 0.359375 0.53046875 0.01875 0.06875
2 0.56796875 0.5234375 0.0265625 0.0609375