2 0.60234375 0.50390625 0.0484375 0.0875
2 0.634375 0.49453125 0.0453125 0.0828125
2 0.70859375 0.7734375 0.05625 0.1046875
2 0.5671875 0.45703125 0.0390625 0.078125
2 0.73203125 0.45703125 0.0390625 0.071875
2 0.7671875 0.428125 0.0359375 0.071875
2 0.83671875 0.3015625 0.034375 0.0609375
2 0.8703125 0.85703125 0.059375 0.1078125
2 0.6859375 0.40078125 0.034375 0.065625
2 0.52421875 0.4609375 0.034375 0.065625
2 0.63984375 0.3953125 0.034375 0.0625
2 0.8125 0.36328125 0.0375 0.0734375
2 0.7375 0.40859375 0.0359375 0.0640625