2 0.33828125 0.5421875 0.04375 0.0921875
2 0.68125 0.33203125 0.0265625 0.0515625
2 0.29765625 0.571875 0.046875 0.096875
2 0.29296875 0.37109375 0.025 0.059375
2 0.26171875 0.35546875 0.025 0.053125
2 0.4453125 0.41484375 0.0234375 0.06875
2 0.45546875 0.396875 0.0234375 0.065625
2 0.71796875 0.3375 0.0265625 0.05
2 0.6890625 0.44453125 0.034375 0.0609375
2 0.61015625 0.58828125 0.0453125 0.096875
2 0.5171875 0.3296875 0.0234375 0.053125
2 0.50078125 0.32578125 0.015625 0.046875
2 0.59453125 0.56796875 0.034375 0.0859375
2 0.671875 0.42265625 0.0265625 0.0515625