2 0.23828125 0.74453125 0.0515625 0.1265625
2 0.75859375 0.23671875 0.0296875 0.0609375
2 0.28515625 0.29140625 0.028125 0.0546875
2 0.615625 0.41640625 0.0328125 0.096875
2 0.5921875 0.3796875 0.034375 0.075
2 0.165625 0.709375 0.0515625 0.109375
2 0.28984375 0.5375 0.0421875 0.0921875
2 0.38984375 0.5546875 0.040625 0.0984375
2 0.3453125 0.49296875 0.0328125 0.0578125
2 0.25078125 0.30390625 0.028125 0.0640625
2 0.809375 0.2625 0.0234375 0.0609375
2 0.4359375 0.296875 0.021875 0.05625
2 0.396875 0.51640625 0.025 0.084375
0 0.2984375 0.525 0.0140625 0.0234375
2 0.42578125 0.278125 0.0171875 0.0515625