2 0.64296875 0.49921875 0.034375 0.078125
2 0.50703125 0.4421875 0.034375 0.0609375
2 0.55546875 0.75390625 0.0390625 0.096875
2 0.878125 0.7359375 0.04375 0.103125
2 0.38046875 0.78515625 0.0453125 0.1015625
2 0.42421875 0.7234375 0.0375 0.09375
2 0.6453125 0.4015625 0.028125 0.0546875
2 0.321875 0.42421875 0.028125 0.0671875
2 0.34765625 0.36328125 0.0265625 0.0625
2 0.9328125 0.68046875 0.0453125 0.0984375
2 0.5578125 0.68515625 0.0375 0.0921875
2 0.521875 0.4046875 0.0296875 0.0671875
0 0.515625 0.3984375 0.0109375 0.015625