2 0.209375 0.41875 0.0375 0.059375
2 0.2375 0.35 0.03125 0.05625
2 0.25703125 0.43515625 0.034375 0.0578125
2 0.4875 0.3796875 0.03125 0.0578125
2 0.2078125 0.29453125 0.025 0.04375
2 0.30859375 0.3078125 0.0265625 0.05
2 0.44375 0.41875 0.034375 0.0609375
2 0.41171875 0.4625 0.034375 0.0609375
2 0.33671875 0.28828125 0.0265625 0.05
2 0.4609375 0.3453125 0.025 0.0484375
2 0.2375 0.28984375 0.025 0.046875
2 0.26484375 0.3640625 0.028125 0.0546875
2 0.3953125 0.303125 0.025 0.046875
0 0.4796875 0.41640625 0.0125 0.009375
2 0.38984375 0.28671875 0.0140625 0.034375