2 0.0328125 0.51796875 0.03515625 0.0890625
2 0.15625 0.69140625 0.0375 0.10546875
2 0.49375 0.396875 0.02265625 0.0640625
2 0.6390625 0.37890625 0.0203125 0.05546875
2 0.415625 0.34765625 0.015625 0.0484375
2 0.45 0.60390625 0.03046875 0.10546875
2 0.67578125 0.521875 0.025 0.08515625
2 0.68828125 0.48984375 0.01640625 0.08046875
2 0.68203125 0.43203125 0.01953125 0.0609375
2 0.7265625 0.50546875 0.0203125 0.08203125
2 0.7390625 0.48125 0.01796875 0.06953125
2 0.3984375 0.41171875 0.01796875 0.065625
2 0.409375 0.546875 0.0265625 0.1015625
2 0.7234375 0.36640625 0.0140625 0.05
0 0.64296875 0.38125 0.00703125 0.01171875