2 0.27578125 0.68203125 0.0328125 0.08046875
2 0.49296875 0.7890625 0.0421875 0.078125
2 0.58828125 0.396875 0.0203125 0.04296875
2 0.2984375 0.390625 0.02265625 0.0484375
2 0.64375 0.35703125 0.02265625 0.053125
2 0.53828125 0.50078125 0.025 0.05703125
2 0.24375 0.64609375 0.03046875 0.06640625
2 0.4328125 0.7890625 0.03046875 0.075
2 0.5140625 0.48671875 0.02421875 0.065625
2 0.578125 0.73203125 0.02734375 0.08359375
2 0.56953125 0.38046875 0.01875 0.04453125
2 0.55 0.72890625 0.0265625 0.08046875
2 0.6703125 0.36171875 0.01953125 0.05390625
2 0.2 0.42109375 0.01953125 0.05859375