2 0 0.6704293578125 1 0.6696760671875001 0.9999943515625 0.6357779531250001 0.6355896296875 0.25611908125 0.34232404375000003 0.24914290156250002 0 0.5574356453125 0 0.6704293578125
2 0.62109375 0.25546875 0.00703125 0.0265625
2 0.6328125 0.2671875 0.009375 0.03828125
2 0.61171875 0.27578125 0.0125 0.0390625
2 0.62734375 0.2875 0.01015625 0.0375
2 0.46796875 0.26171875 0.0109375 0.03671875
2 0.47578125 0.2953125 0.01640625 0.046875
2 0.3296875 0.290625 0.015625 0.0421875
2 0.4171875 0.34453125 0.015625 0.05625
2 0.52890625 0.309375 0.0109375 0.0421875
2 0.51953125 0.32421875 0.01328125 0.05078125
2 0.51953125 0.35703125 0.01484375 0.053125
2 0.57578125 0.3203125 0.01484375 0.04921875
2 0.5953125 0.34609375 0.015625 0.05234375
2 0.67265625 0.37890625 0.0203125 0.06640625