2 0.3546875 0.69140625 0.03359375 0.09453125
2 0.5203125 0.29296875 0.021875 0.04453125
2 0.2984375 0.76328125 0.04296875 0.0984375
2 0.36640625 0.359375 0.0296875 0.0625
2 0.4203125 0.3390625 0.02734375 0.0609375
2 0.55625 0.540625 0.03125 0.06640625
2 0.29375 0.415625 0.02421875 0.0484375
2 0.5140625 0.52890625 0.03046875 0.05546875
2 0.28125 0.46328125 0.025 0.05390625
2 0.51796875 0.2640625 0.0109375 0.04453125
2 0.29765625 0.31640625 0.03515625 0.05390625
2 0.29765625 0.3015625 0.02265625 0.059375
2 0.2078125 0.41328125 0.0234375 0.04765625
2 0.2 0.43203125 0.02265625 0.07265625