2 0.6890625 0.72421875 0.0390625 0.084375
2 0.58203125 0.68359375 0.034375 0.0625
2 0.27578125 0.575 0.0328125 0.0640625
2 0.39296875 0.315625 0.0234375 0.0484375
2 0.6390625 0.340625 0.025 0.046875
2 0.35625 0.34765625 0.025 0.046875
2 0.58125 0.37109375 0.025 0.05
2 0.44609375 0.540625 0.0328125 0.0671875
2 0.49609375 0.51328125 0.028125 0.0578125
2 0.66015625 0.28125 0.0203125 0.0375
2 0.584375 0.296875 0.0234375 0.0421875
2 0.22890625 0.65625 0.028125 0.0640625
2 0.4515625 0.696875 0.03125 0.065625
0 0.53359375 0.53203125 0.0140625 0.015625
2 0.46171875 0.7046875 0.028125 0.078125