2 0.68828125 0.64609375 0.01875 0.1109375
2 0.6890625 0.57421875 0.01875 0.078125
2 0.58828125 0.575 0.01875 0.075
2 0.5328125 0.57578125 0.02109375 0.08203125
2 0.4625 0.56484375 0.0203125 0.078125
2 0.36328125 0.56953125 0.01875 0.0859375
2 0.3375 0.57421875 0.02109375 0.07734375
0 0.696875 0.5875 0.0125 0.01953125
2 0.51640625 0.228125 0.0078125 0.02421875
2 0.503125 0.22734375 0.00625 0.02421875
2 0.49453125 0.22578125 0.0078125 0.02734375
2 0.4875 0.22734375 0.00703125 0.02578125
2 0.478125 0.225 0.0078125 0.025
2 0.46796875 0.225 0.00703125 0.02578125
2 0.45390625 0.225 0.00703125 0.02578125