2 0.90390625 0.42421875 0.034375 0.0578125
2 0.77265625 0.5078125 0.0390625 0.0703125
2 0.85625 0.478125 0.0390625 0.071875
2 0.58203125 0.5078125 0.0421875 0.078125
2 0.69609375 0.9125 0.05 0.09375
2 0.6109375 0.784375 0.0453125 0.096875
2 0.70234375 0.4765625 0.0359375 0.065625
2 0.59453125 0.44296875 0.03125 0.0578125
2 0.54296875 0.5 0.0375 0.0703125
2 0.6609375 0.4421875 0.04375 0.0828125
2 0.55 0.446875 0.028125 0.0609375
2 0.75390625 0.48828125 0.0328125 0.078125
0 0.77734375 0.509375 0.0140625 0.0203125