2 0.94296875 0.740625 0.0453125 0.096875
2 0.34921875 0.78671875 0.0359375 0.10703125
2 0.9015625 0.83671875 0.03984375 0.10703125
2 0.65 0.40546875 0.0234375 0.05546875
2 0.6421875 0.50234375 0.02890625 0.0734375
2 0.3921875 0.73515625 0.03515625 0.09296875
2 0.35625 0.38671875 0.02578125 0.065625
2 0.54375 0.7515625 0.03203125 0.0890625
2 0.38203125 0.33828125 0.0203125 0.05703125
2 0.4640625 0.42421875 0.02265625 0.05703125
2 0.54296875 0.696875 0.0234375 0.0890625
2 0.478125 0.40078125 0.01484375 0.065625