2 0.75 0.665625 0.04453125 0.15078125
2 0.68203125 0.68046875 0.0421875 0.16875
2 0.58046875 0.41640625 0.03359375 0.109375
2 0.4859375 0.3796875 0.034375 0.0890625
2 0.4359375 0.265625 0.01328125 0.0546875
2 0.428125 0.2734375 0.01796875 0.0546875
2 0.421875 0.30859375 0.0171875 0.0640625
2 0.36484375 0.31328125 0.0203125 0.07734375
2 0.4546875 0.565625 0.0359375 0.14375
2 0.4296875 0.5546875 0.03828125 0.121875
2 0.05390625 0.50703125 0.06953125 0.09453125
2 0.15 0.49375 0.04609375 0.1171875
2 0.1265625 0.596875 0.06484375 0.1015625
2 0.05234375 0.625 0.04140625 0.12421875