2 0.1890625 0.9171875 0.121875 0.165625
2 0.3609375 0.89296875 0.10625 0.2015625
2 0.61484375 0.7953125 0.0921875 0.228125
2 0.6453125 0.75546875 0.0953125 0.1890625
2 0.9921875 0.68125 0.015625 0.20625
2 0.8171875 0.38671875 0.0515625 0.1015625
2 0.75859375 0.3703125 0.053125 0.096875
2 0.36015625 0.40625 0.04375 0.103125
2 0.41640625 0.38671875 0.0515625 0.1078125
2 0.665625 0.28828125 0.0546875 0.0765625
2 0.63203125 0.27265625 0.0390625 0.06875
2 0.621875 0.31015625 0.0375 0.0640625
2 0.6359375 0.31640625 0.05 0.0828125
0 0.62578125 0.30859375 0.0078125 0.0125