2 0.75 0.60546875 0.03203125 0.0859375
2 0.5828125 0.546875 0.0328125 0.07890625
2 0.2546875 0.30390625 0.02265625 0.053125
2 0.6953125 0.55390625 0.02890625 0.08046875
2 0.40625 0.26328125 0.0234375 0.05390625
2 0.53828125 0.48671875 0.028125 0.05390625
2 0.28125 0.48046875 0.025 0.06640625
2 0.4203125 0.31328125 0.02265625 0.05703125
2 0.3625 0.40703125 0.02578125 0.0640625
2 0.31171875 0.28828125 0.0203125 0.05703125
2 0.6390625 0.271875 0.021875 0.04609375
2 0.5875 0.45546875 0.02578125 0.071875
2 0.66796875 0.28671875 0.0234375 0.0515625
0 0.5984375 0.5015625 0.0125 0.01953125
2 0.56796875 0.46484375 0.0203125 0.0828125