1 0.925 0.7515625 0.1140625 0.3359375
2 0.98359375 0.53203125 0.0328125 0.1890625
2 0.975 0.4765625 0.05 0.153125
2 0.9078125 0.44765625 0.0390625 0.1203125
2 0.89140625 0.46875 0.0546875 0.1421875
2 0.65 0.55 0.0546875 0.165625
2 0.49609375 0.459375 0.0359375 0.096875
2 0.5015625 0.4171875 0.01875 0.046875
2 0.49140625 0.5390625 0.0625 0.1484375
2 0.3734375 0.55078125 0.0578125 0.146875
2 0.1234375 0.56953125 0.0640625 0.1359375
2 0.171875 0.553125 0.059375 0.1359375
0 0.371875 0.33671875 0.021875 0.028125