1 0.26796875 0.2078125 0.0375 0.0703125
2 0.31796875 0.275 0.0453125 0.0703125
2 0.30859375 0.2640625 0.03125 0.0609375
2 0.2875 0.33828125 0.0484375 0.0984375
2 0.25859375 0.3390625 0.0578125 0.10625
2 0.5359375 0.31484375 0.0484375 0.06875
2 0.57890625 0.31796875 0.03125 0.06875
2 0.60078125 0.3421875 0.0484375 0.0671875
2 0.65 0.36015625 0.0484375 0.0703125
2 0.66875 0.40625 0.04375 0.08125
2 0.67734375 0.47265625 0.0515625 0.0953125
2 0.82578125 0.46796875 0.059375 0.096875
2 0.85703125 0.52578125 0.065625 0.1109375
2 0.70546875 0.51796875 0.05625 0.1125
2 0.72734375 0.54375 0.0609375 0.1234375