2 0.64375 0.40625 0.053125 0.1078125
2 0.74296875 0.37890625 0.0328125 0.0765625
2 0.7265625 0.39921875 0.04375 0.0953125
2 0.7859375 0.42890625 0.0453125 0.103125
0 0.7390625 0.3890625 0.015625 0.021875
2 0.97109375 0.40546875 0.0390625 0.0671875
2 0.9140625 0.39921875 0.028125 0.059375
2 0.89453125 0.41953125 0.0375 0.0859375
2 0.9390625 0.4421875 0.0453125 0.0984375
2 0.98515625 0.48828125 0.0296875 0.0921875
2 0.96953125 0.56875 0.0609375 0.15
2 0.9125 0.47109375 0.040625 0.090625
2 0.884375 0.490625 0.0765625 0.1421875