2 0.17109375 0.6 0.05078125 0.140625
2 0.2265625 0.59921875 0.05078125 0.13359375
2 0.40234375 0.51796875 0.028125 0.103125
2 0.665625 0.5203125 0.03984375 0.121875
2 0.7890625 0.5453125 0.025 0.128125
2 0.7953125 0.4921875 0.02109375 0.0671875
2 0.8828125 0.5125 0.02109375 0.11171875
2 0.9015625 0.540625 0.028125 0.1265625
2 0.8640625 0.59375 0.04375 0.13828125
2 0.9703125 0.6078125 0.034375 0.1390625
1 0.98828125 0.48828125 0.0234375 0.1140625
1 0.55078125 0.8390625 0.06171875 0.23828125
2 0.45078125 0.696875 0.04140625 0.159375
2 0.42109375 0.71015625 0.075 0.16875
0 0.40625 0.7015625 0.0234375 0.0296875