2 0.9 0.2578125 0.109375 0.2953125
2 0.8265625 0.28359375 0.1546875 0.3765625
2 0.60625 0.371875 0.1390625 0.340625
2 0.45390625 0.365625 0.140625 0.35
2 0.3546875 0.35234375 0.1171875 0.2984375
2 0.109375 0.39375 0.128125 0.2953125
2 0.4046875 0.1078125 0.0140625 0.040625
2 0.41640625 0.10625 0.01875 0.0421875
2 0.44453125 0.1 0.0171875 0.0390625
2 0.4625 0.09765625 0.0140625 0.040625
2 0.471875 0.096875 0.015625 0.0390625
2 0.484375 0.09453125 0.015625 0.0296875
2 0.5046875 0.090625 0.01875 0.0453125