2 0.2015625 0.278125 0.0484375 0.10625
2 0.24375 0.3046875 0.046875 0.10625
2 0.375 0.3703125 0.059375 0.1359375
2 0.42578125 0.27578125 0.03125 0.071875
2 0.4265625 0.2515625 0.015625 0.0359375
2 0.44296875 0.303125 0.0484375 0.084375
2 0.52890625 0.3265625 0.0421875 0.0859375
2 0.55078125 0.35 0.040625 0.0953125
2 0.62890625 0.3953125 0.0421875 0.1078125
2 0.678125 0.3953125 0.0390625 0.103125
2 0.64375 0.4359375 0.0546875 0.1171875
2 0.753125 0.49609375 0.0796875 0.15
2 0.915625 0.3296875 0.0359375 0.0671875
2 0.990625 0.39765625 0.01875 0.0796875