2 0.3375 0.45078125 0.08125 0.26875
2 0.409375 0.4625 0.065625 0.265625
2 0.546875 0.428125 0.0953125 0.309375
2 0.6328125 0.42578125 0.0734375 0.28125
2 0.7203125 0.44609375 0.0796875 0.2984375
2 0.7203125 0.3 0.05 0.1171875
2 0.86640625 0.4390625 0.1046875 0.29375
0 0.7453125 0.48203125 0.025 0.071875
2 0.44375 0.1203125 0.0109375 0.040625
2 0.43671875 0.12109375 0.009375 0.0453125
2 0.45859375 0.11875 0.009375 0.0390625
2 0.47109375 0.11953125 0.0109375 0.040625
2 0.48203125 0.11875 0.0109375 0.04375
2 0.49296875 0.11640625 0.0125 0.0453125
2 0.52265625 0.11640625 0.0109375 0.040625