2 0.015625 0.540625 0.03125 0.1265625
2 0.09453125 0.58046875 0.0296875 0.13125
2 0.31015625 0.53125 0.02734375 0.0984375
2 0.43515625 0.540625 0.04140625 0.12578125
2 0.41796875 0.69296875 0.04765625 0.16171875
2 0.371875 0.71640625 0.07265625 0.1640625
0 0.315625 0.6078125 0.0203125 0.02265625
1 0.6015625 0.83828125 0.06875 0.253125
1 0.8484375 0.4546875 0.025 0.075
2 0.80859375 0.5125 0.03671875 0.10078125
2 0.8296875 0.515625 0.03203125 0.09296875
2 0.85234375 0.528125 0.02890625 0.10625
2 0.878125 0.53125 0.028125 0.11328125
2 0.91015625 0.6359375 0.040625 0.153125
2 0.79375 0.6296875 0.05859375 0.1359375