2 0.71796875 0.43828125 0.046875 0.1171875
2 0.69140625 0.44296875 0.0578125 0.1125
0 0.7125 0.42734375 0.01875 0.0203125
2 0.61171875 0.49921875 0.078125 0.153125
2 0.5484375 0.4421875 0.0625 0.15625
2 0.4703125 0.31640625 0.0421875 0.0890625
2 0.40703125 0.34296875 0.0484375 0.1
2 0.325 0.278125 0.0359375 0.08125
2 0.33828125 0.3359375 0.0453125 0.096875
2 0.30625 0.35234375 0.0421875 0.1046875
2 0.28125 0.34765625 0.0484375 0.0953125
2 0.2578125 0.33046875 0.04375 0.103125
2 0.2265625 0.278125 0.0375 0.0875
2 0.225 0.33203125 0.046875 0.1140625
2 0.17578125 0.28203125 0.0453125 0.109375