2 0.0171875 0.45234375 0.034375 0.1625
0 0.01796875 0.41953125 0.021875 0.015625
2 0.0515625 0.46796875 0.053125 0.15625
2 0.23984375 0.3265625 0.0265625 0.096875
2 0.27421875 0.32109375 0.0234375 0.0984375
2 0.26171875 0.40859375 0.0328125 0.1390625
2 0.31484375 0.26953125 0.0203125 0.075
2 0.49140625 0.259375 0.01875 0.078125
2 0.5078125 0.33046875 0.0265625 0.0984375
2 0.62109375 0.26796875 0.021875 0.0671875
2 0.61328125 0.325 0.021875 0.084375
2 0.7265625 0.26953125 0.0171875 0.06875
2 0.815625 0.41328125 0.0359375 0.1390625
2 0.8515625 0.3859375 0.0421875 0.1453125
2 0.97109375 0.33125 0.028125 0.10625