1 0.17734375 0.26875 0.0171875 0.0671875
2 0.22578125 0.31484375 0.02265625 0.0640625
2 0.24609375 0.31875 0.02578125 0.06953125
2 0.24765625 0.4 0.0234375 0.09296875
2 0.23125 0.415625 0.0390625 0.096875
2 0.4484375 0.30078125 0.02421875 0.07421875
2 0.4921875 0.3140625 0.0265625 0.06484375
2 0.5203125 0.303125 0.01875 0.06640625
2 0.5453125 0.31953125 0.0328125 0.078125
2 0.6046875 0.4015625 0.028125 0.09453125
2 0.65625 0.35703125 0.034375 0.07421875
2 0.64453125 0.45 0.0328125 0.10859375
2 0.67421875 0.45703125 0.03359375 0.11171875
2 0.78125 0.41328125 0.0390625 0.0953125
2 0.82890625 0.37265625 0.03828125 0.0859375