1 0.8546875 0.47578125 0.03046875 0.14609375
2 0.890625 0.55078125 0.03203125 0.10703125
2 0.86796875 0.61328125 0.0375 0.16171875
1 0.85546875 0.74375 0.0640625 0.23984375
2 0.7078125 0.5265625 0.0359375 0.1421875
2 0.55703125 0.5234375 0.04609375 0.1359375
2 0.60390625 0.54140625 0.0359375 0.1375
2 0.63125 0.6078125 0.0390625 0.16796875
2 0.396875 0.59609375 0.0484375 0.16015625
2 0.43671875 0.59453125 0.04765625 0.20078125
2 0.1265625 0.5875 0.05546875 0.15625
2 0.13671875 0.5390625 0.0328125 0.1078125
2 0.184375 0.5421875 0.04453125 0.1453125
2 0.25390625 0.59296875 0.0390625 0.17734375