2 0.73046875 0.3328125 0.025 0.1078125
2 0.57578125 0.33125 0.01171875 0.084375
2 0.5875 0.34453125 0.021875 0.0875
2 0.571875 0.42890625 0.0328125 0.12578125
2 0.62890625 0.37265625 0.03203125 0.12109375
2 0.6578125 0.4453125 0.03125 0.1203125
2 0.4890625 0.3234375 0.0203125 0.10234375
0 0.46015625 0.425 0.01328125 0.01875
2 0.38671875 0.2984375 0.0265625 0.08984375
2 0.3375 0.30078125 0.02890625 0.09140625
2 0.3375 0.2515625 0.0140625 0.0421875
2 0.22734375 0.2984375 0.02421875 0.08125
2 0.165625 0.28984375 0.01953125 0.08046875
2 0.13515625 0.2734375 0.01640625 0.0703125
2 0.1015625 0.27109375 0.01953125 0.0765625