2 0.01640625 0.5140625 0.0328125 0.128125
2 0.090625 0.559375 0.0359375 0.1328125
2 0.30859375 0.52109375 0.0328125 0.1
2 0.4328125 0.5375 0.0484375 0.128125
2 0.4078125 0.68828125 0.05625 0.1640625
2 0.3609375 0.709375 0.08125 0.1671875
0 0.31015625 0.59765625 0.021875 0.0234375
1 0.58359375 0.84296875 0.08125 0.25625
1 0.85 0.47265625 0.028125 0.0765625
2 0.8078125 0.52890625 0.0421875 0.103125
2 0.828125 0.5328125 0.0375 0.09375
2 0.85 0.546875 0.034375 0.1078125
2 0.87578125 0.55078125 0.034375 0.1140625
2 0.90234375 0.65703125 0.0484375 0.1546875
2 0.78671875 0.64453125 0.065625 0.1390625