2 0.25625 0.34296875 0.0390625 0.103125
2 0.45859375 0.26640625 0.025 0.075
2 0.56171875 0.2984375 0.03125 0.0984375
2 0.63828125 0.3453125 0.0375 0.1046875
2 0.69140625 0.340625 0.034375 0.0953125
2 0.6734375 0.365625 0.059375 0.1078125
2 0.69921875 0.19296875 0.025 0.0609375
2 0.675 0.25625 0.0328125 0.0921875
2 0.7765625 0.225 0.034375 0.075
2 0.75 0.32109375 0.040625 0.1015625
2 0.80625 0.3515625 0.053125 0.11875
2 0.7828125 0.41484375 0.05625 0.15625
2 0.84609375 0.275 0.05625 0.090625
2 0.95 0.228125 0.0375 0.08125
0 0.828125 0.340625 0.0203125 0.0234375