2 0.5296875 0.50546875 0.040625 0.16875
2 0.4875 0.44296875 0.05078125 0.15625
0 0.51328125 0.48828125 0.01484375 0.0171875
2 0.390625 0.696875 0.08125 0.2359375
2 0.27109375 0.81796875 0.07734375 0.27109375
2 0.21171875 0.46171875 0.04296875 0.14609375
2 0.16953125 0.31953125 0.02890625 0.0953125
2 0.08359375 0.428125 0.04296875 0.14765625
2 0.24375 0.2953125 0.0265625 0.0859375
2 0.30546875 0.32109375 0.0296875 0.09453125
2 0.44140625 0.31328125 0.025 0.11015625
2 0.4703125 0.31953125 0.021875 0.09375