1 0.165625 0.2859375 0.0203125 0.06875
2 0.21640625 0.3296875 0.0265625 0.065625
2 0.23671875 0.33203125 0.0296875 0.0703125
2 0.24296875 0.41328125 0.028125 0.09375
2 0.22734375 0.4296875 0.04375 0.0984375
2 0.43828125 0.30390625 0.028125 0.075
2 0.4828125 0.31484375 0.0296875 0.065625
2 0.51015625 0.30234375 0.021875 0.0671875
2 0.5359375 0.3171875 0.0375 0.0796875
2 0.59921875 0.39609375 0.0328125 0.0953125
2 0.6484375 0.34921875 0.0375 0.0765625
2 0.64140625 0.4421875 0.0390625 0.1109375
2 0.671875 0.44765625 0.0390625 0.1140625
2 0.7765625 0.3984375 0.04375 0.096875
2 0.821875 0.35546875 0.0421875 0.0875