2 0.175 0.33046875 0.0203125 0.06640625
2 0.34296875 0.2015625 0.01328125 0.053125
2 0.41640625 0.2109375 0.0125 0.04921875
2 0.62265625 0.26640625 0.0203125 0.06640625
2 0.67890625 0.28671875 0.01875 0.05859375
2 0.60625 0.403125 0.02265625 0.0765625
2 0.55078125 0.3671875 0.02265625 0.0765625
2 0.43984375 0.25390625 0.01328125 0.04765625
2 0.42890625 0.26796875 0.01640625 0.05859375
2 0.4 0.3421875 0.0171875 0.059375
2 0.4046875 0.38671875 0.01796875 0.06953125
2 0.32578125 0.3328125 0.01796875 0.05703125
2 0.3109375 0.36171875 0.0265625 0.059375
2 0.29140625 0.33671875 0.015625 0.05546875
1 0.521875 0.18203125 0.0109375 0.04609375