2 0.07734375 0.3 0.025 0.07421875
2 0.11640625 0.2984375 0.02734375 0.0875
1 0.046875 0.253125 0.02421875 0.07265625
2 0.18125 0.43671875 0.0421875 0.1140625
2 0.17890625 0.39140625 0.01953125 0.0703125
2 0.321875 0.2921875 0.02421875 0.06015625
2 0.340625 0.303125 0.021875 0.08125
2 0.36640625 0.29609375 0.025 0.0765625
2 0.4671875 0.278125 0.0328125 0.0609375
2 0.46015625 0.3578125 0.0265625 0.08828125
2 0.50390625 0.42890625 0.05234375 0.10703125
2 0.5625 0.42421875 0.04296875 0.1140625
2 0.65703125 0.32578125 0.0359375 0.0828125
2 0.690625 0.37578125 0.046875 0.08515625
2 0.82578125 0.340625 0.04609375 0.0890625