2 0.159375 0.41640625 0.0359375 0.096875
2 0.20625 0.39296875 0.0296875 0.096875
2 0.22890625 0.353125 0.0375 0.0703125
2 0.2234375 0.32265625 0.0171875 0.028125
1 0.1609375 0.2953125 0.028125 0.065625
2 0.45703125 0.3046875 0.021875 0.0625
2 0.47734375 0.29609375 0.0234375 0.0671875
2 0.553125 0.36953125 0.053125 0.0875
2 0.628125 0.30546875 0.0328125 0.065625
2 0.6890625 0.31171875 0.0328125 0.06875
2 0.73203125 0.37421875 0.0484375 0.0953125
2 0.8046875 0.42734375 0.0421875 0.1078125
2 0.8625 0.4734375 0.0484375 0.11875
2 0.76875 0.44453125 0.0546875 0.1125
2 0.965625 0.4125 0.0546875 0.10625