2 0.3828125 0.37421875 0.028125 0.1046875
2 0.29375 0.3234375 0.015625 0.075
2 0.3046875 0.34765625 0.02265625 0.09296875
2 0.23984375 0.36171875 0.021875 0.10078125
0 0.2953125 0.334375 0.0109375 0.01953125
2 0.065625 0.29453125 0.025 0.0625
2 0.12265625 0.30234375 0.0140625 0.0578125
2 0.13671875 0.3265625 0.0171875 0.084375
2 0.08828125 0.3375 0.0234375 0.0953125
2 0.025 0.3703125 0.02265625 0.0890625
2 0.0203125 0.45234375 0.040625 0.14453125
2 0.10703125 0.371875 0.0203125 0.08828125
2 0.1296875 0.39765625 0.04609375 0.134375