2 0.775 0.6 0.034375 0.0921875
2 0.8515625 0.703125 0.05 0.13125
1 0.88671875 0.546875 0.025 0.078125
2 0.734375 0.70234375 0.04375 0.08125
2 0.6703125 0.68359375 0.084375 0.115625
2 0.58984375 0.6484375 0.05 0.1171875
2 0.51171875 0.66484375 0.046875 0.1125
0 0.60390625 0.67578125 0.0171875 0.0125
2 0.53203125 0.58359375 0.03125 0.0875
2 0.21171875 0.6375 0.034375 0.0953125
2 0.259375 0.6125 0.028125 0.103125
2 0.31875 0.5828125 0.040625 0.0765625
2 0.33203125 0.575 0.0234375 0.06875
1 0.0328125 0.9515625 0.065625 0.096875