2 0.2796875 0.51484375 0.03125 0.096875
2 0.2125 0.53359375 0.015625 0.10390625
2 0.19375 0.5625 0.02890625 0.109375
2 0.17578125 0.64296875 0.02890625 0.11875
2 0.153125 0.6453125 0.046875 0.14609375
2 0.23671875 0.5875 0.0296875 0.128125
0 0.24296875 0.56796875 0.0171875 0.0203125
2 0.37109375 0.6234375 0.0390625 0.13671875
2 0.496875 0.62109375 0.0328125 0.1359375
2 0.56953125 0.5578125 0.0265625 0.1078125
2 0.58984375 0.5921875 0.03125 0.1265625
2 0.6 0.5578125 0.02421875 0.10234375
2 0.7296875 0.58203125 0.0296875 0.11875
1 0.54453125 0.7921875 0.05390625 0.18515625
1 0.7859375 0.50546875 0.021875 0.109375
2 0.859375 0.571875 0.0375 0.12265625
2 0.92265625 0.57578125 0.03671875 0.11875