2 0.83984375 0.296875 0.0859375 0.290625
2 0.70234375 0.35 0.0625 0.2625
2 0.5890625 0.35859375 0.0765625 0.2921875
2 0.4359375 0.346875 0.0796875 0.2890625
2 0.23671875 0.3734375 0.0671875 0.271875
2 0.084375 0.3828125 0.0640625 0.275
2 0.01328125 0.38359375 0.0265625 0.2671875
2 0.3390625 0.15234375 0.0125 0.0421875
2 0.4015625 0.14609375 0.0125 0.0390625
2 0.4109375 0.14453125 0.009375 0.0390625
2 0.4265625 0.14453125 0.0109375 0.04375
2 0.44609375 0.14453125 0.0109375 0.0359375
2 0.47265625 0.140625 0.0125 0.0375
2 0.5171875 0.13671875 0.0125 0.0421875