2 0.109375 0.49921875 0.03125 0.0828125
2 0.14140625 0.5234375 0.03203125 0.1109375
2 0.1765625 0.60703125 0.0453125 0.13125
2 0.2203125 0.54140625 0.03515625 0.103125
2 0.325 0.5046875 0.03828125 0.09921875
2 0.24140625 0.609375 0.0453125 0.15859375
2 0.33828125 0.61875 0.03046875 0.16484375
2 0.38125 0.63125 0.05390625 0.1453125
2 0.7609375 0.53203125 0.03359375 0.11875
2 0.7953125 0.53359375 0.0375 0.11328125
2 0.734375 0.58515625 0.034375 0.1421875
1 0.9015625 0.48125 0.03125 0.10859375
2 0.93359375 0.59375 0.0328125 0.12734375
1 0.63671875 0.815625 0.0515625 0.22734375
0 0.25546875 0.55078125 0.01640625 0.028125