2 0.23046875 0.83515625 0.0828125 0.2109375
2 0.28359375 0.71953125 0.0640625 0.1546875
2 0.26171875 0.58671875 0.034375 0.084375
2 0.2375 0.59921875 0.0578125 0.1046875
2 0.07890625 0.6359375 0.0453125 0.1125
1 0.09765625 0.54453125 0.0359375 0.0796875
2 0.46015625 0.54609375 0.04375 0.103125
2 0.540625 0.5609375 0.0484375 0.0859375
2 0.57890625 0.5578125 0.0546875 0.0953125
2 0.57109375 0.67734375 0.065625 0.1515625
2 0.73984375 0.68125 0.08125 0.1890625
2 0.884375 0.5859375 0.0609375 0.1421875
2 0.9796875 0.55859375 0.040625 0.1609375
0 0.72109375 0.6625 0.025 0.0375
2 0.5421875 0.515625 0.0390625 0.0953125