1 0.55625 0.8984375 0.128125 0.203125
0 0.5359375 0.775 0.03125 0.04375
2 0.915625 0.646875 0.059375 0.184375
1 0.93359375 0.53046875 0.0421875 0.1046875
2 0.68359375 0.54140625 0.04375 0.1359375
2 0.609375 0.6078125 0.0625 0.1578125
2 0.36953125 0.51875 0.0375 0.140625
2 0.33984375 0.5390625 0.0484375 0.14375
2 0.16484375 0.77578125 0.103125 0.259375
2 0.14375 0.53046875 0.059375 0.1578125
2 0.06640625 0.57421875 0.0484375 0.1625
2 0.01875 0.58125 0.0375 0.14375
2 0.01796875 0.47421875 0.0359375 0.1015625