2 0.05625 0.353125 0.034375 0.0765625
2 0.09453125 0.346875 0.0375 0.090625
1 0.0203125 0.31015625 0.0328125 0.075
2 0.17578125 0.47578125 0.05625 0.11875
2 0.16796875 0.43125 0.028125 0.071875
2 0.29765625 0.315625 0.03125 0.0625
2 0.31796875 0.32421875 0.03125 0.0828125
2 0.3421875 0.3140625 0.034375 0.0796875
2 0.440625 0.28359375 0.040625 0.0640625
2 0.44296875 0.3640625 0.0375 0.090625
2 0.4953125 0.42890625 0.065625 0.1125
2 0.553125 0.4171875 0.05625 0.11875
2 0.634375 0.3078125 0.0453125 0.0859375
2 0.67421875 0.353125 0.05625 0.090625
2 0.80390625 0.30234375 0.05625 0.09375