2 0.7015625 0.8890625 0.059375 0.1328125
2 0.665625 0.77421875 0.04453125 0.121875
2 0.72890625 0.39609375 0.03984375 0.09375
2 0.36328125 0.44296875 0.02890625 0.0890625
2 0.3 0.51875 0.0359375 0.10546875
2 0.11015625 0.39375 0.0265625 0.06953125
2 0.021875 0.43125 0.03828125 0.08203125
2 0.3265625 0.2328125 0.021875 0.06171875
1 0.3953125 0.22109375 0.01640625 0.0625
2 0.46171875 0.25078125 0.021875 0.065625
2 0.5375 0.2640625 0.0203125 0.05703125
2 0.52265625 0.24296875 0.0125 0.065625
2 0.509375 0.2625 0.015625 0.0546875
0 0.5671875 0.09375 0.0078125 0.0125