1 0.93828125 0.66328125 0.075 0.1984375
1 0.69453125 0.4703125 0.0359375 0.1046875
2 0.83828125 0.53671875 0.0484375 0.1203125
2 0.6875 0.50859375 0.0359375 0.0984375
2 0.6640625 0.565625 0.0515625 0.121875
2 0.60546875 0.55234375 0.0515625 0.11875
2 0.559375 0.53125 0.040625 0.115625
2 0.53671875 0.52265625 0.0375 0.1046875
2 0.490625 0.58046875 0.04375 0.109375
2 0.48984375 0.5328125 0.028125 0.0671875
2 0.396875 0.6359375 0.05 0.1296875
2 0.42421875 0.625 0.0625 0.1390625
0 0.44140625 0.5828125 0.0171875 0.028125
2 0.30078125 0.56953125 0.0359375 0.090625
2 0.2734375 0.578125 0.0390625 0.0890625
2 0.12578125 0.7 0.0609375 0.1515625
2 0.0796875 0.7265625 0.059375 0.1515625