2 0.66484375 0.459375 0.0953125 0.2703125
2 0.5921875 0.4671875 0.078125 0.26875
2 0.45703125 0.42578125 0.1109375 0.3125
2 0.37109375 0.41875 0.0875 0.2828125
2 0.2828125 0.43515625 0.0953125 0.3
2 0.290625 0.28828125 0.05625 0.11875
2 0.1375 0.4203125 0.11875 0.296875
0 0.25546875 0.46875 0.0296875 0.0734375
2 0.57578125 0.1234375 0.0140625 0.040625
2 0.5828125 0.12421875 0.0109375 0.0453125
2 0.5609375 0.121875 0.0125 0.0390625
2 0.5484375 0.121875 0.0140625 0.040625
2 0.5375 0.11953125 0.0140625 0.04375
2 0.5265625 0.1171875 0.015625 0.0453125
2 0.496875 0.115625 0.0140625 0.040625