2 0.76953125 0.6140625 0.0390625 0.09375
2 0.840625 0.72109375 0.05625 0.134375
1 0.88359375 0.5671875 0.0296875 0.0796875
2 0.7234375 0.7140625 0.0484375 0.0828125
2 0.66015625 0.6921875 0.090625 0.11875
2 0.58203125 0.653125 0.05625 0.1203125
2 0.503125 0.66484375 0.053125 0.115625
0 0.59453125 0.68125 0.0171875 0.0140625
2 0.52734375 0.58515625 0.0359375 0.0875
2 0.2046875 0.621875 0.040625 0.096875
2 0.25390625 0.6 0.0328125 0.1046875
2 0.31484375 0.5734375 0.0453125 0.078125
2 0.328125 0.56640625 0.0265625 0.06875
1 0.02265625 0.9265625 0.0453125 0.1