2 0.79140625 0.83359375 0.04375 0.153125
2 0.73125 0.6296875 0.02890625 0.11171875
2 0.7859375 0.6265625 0.03203125 0.0984375
2 0.77578125 0.58828125 0.01875 0.09296875
2 0.8390625 0.5953125 0.03125 0.08828125
0 0.85546875 0.58125 0.01328125 0.0296875
2 0.76015625 0.4515625 0.02734375 0.075
2 0.5984375 0.45078125 0.02265625 0.0890625
2 0.60078125 0.3453125 0.02265625 0.07265625
2 0.57265625 0.353125 0.01796875 0.0625
2 0.5078125 0.41171875 0.01953125 0.07734375
2 0.3546875 0.421875 0.02109375 0.071875
2 0.3609375 0.3984375 0.01640625 0.0609375
2 0.38359375 0.6359375 0.021875 0.11171875
2 0.9078125 0.58046875 0.02421875 0.11953125