2 0.075 0.66875 0.0625 0.16171875
2 0.17734375 0.64296875 0.0421875 0.1546875
2 0.2921875 0.54765625 0.025 0.0953125
2 0.32109375 0.52890625 0.0421875 0.07109375
2 0.2671875 0.5859375 0.04296875 0.1390625
2 0.3140625 0.60703125 0.03359375 0.1203125
0 0.3265625 0.565625 0.0109375 0.0296875
2 0.4140625 0.62578125 0.03984375 0.13828125
2 0.59140625 0.59609375 0.034375 0.128125
2 0.534375 0.55234375 0.03359375 0.06953125
2 0.515625 0.578125 0.0375 0.1125
2 0.53828125 0.62421875 0.034375 0.121875
2 0.73984375 0.58984375 0.028125 0.1234375
2 0.7890625 0.57421875 0.028125 0.12109375
2 0.8359375 0.57890625 0.03046875 0.12265625
1 0.82109375 0.521875 0.02109375 0.10390625
1 0.55 0.7671875 0.0484375 0.18515625