2 0.71953125 0.5265625 0.0359375 0.0984375
2 0.78515625 0.5484375 0.0203125 0.1046875
2 0.80234375 0.578125 0.034375 0.1109375
2 0.81640625 0.659375 0.034375 0.1203125
2 0.8390625 0.66328125 0.0546875 0.1484375
2 0.75859375 0.60078125 0.0359375 0.1296875
0 0.753125 0.58125 0.01875 0.021875
2 0.62265625 0.6296875 0.046875 0.1390625
2 0.496875 0.62109375 0.040625 0.1375
2 0.42734375 0.55390625 0.0328125 0.109375
2 0.40546875 0.5875 0.0375 0.128125
2 0.396875 0.55234375 0.0296875 0.103125
2 0.26640625 0.56953125 0.0359375 0.1203125
1 0.440625 0.78984375 0.0640625 0.1875
1 0.2140625 0.490625 0.028125 0.1109375
2 0.1375 0.553125 0.04375 0.125
2 0.07421875 0.55390625 0.0421875 0.1203125