1 0.16328125 0.3390625 0.0328125 0.0703125
2 0.2375 0.37734375 0.0421875 0.0703125
2 0.22421875 0.371875 0.0265625 0.0609375
2 0.23828125 0.44765625 0.0421875 0.0984375
2 0.2125 0.4609375 0.0515625 0.1046875
2 0.45078125 0.31796875 0.04375 0.0671875
2 0.490625 0.30234375 0.028125 0.0703125
2 0.52109375 0.3140625 0.0453125 0.065625
2 0.5734375 0.30859375 0.04375 0.06875
2 0.6109375 0.34140625 0.0390625 0.08125
2 0.646875 0.39765625 0.0453125 0.0953125
2 0.77890625 0.32890625 0.053125 0.0953125
2 0.83203125 0.3671875 0.059375 0.109375
2 0.6921875 0.42578125 0.0484375 0.1125
2 0.72421875 0.43984375 0.053125 0.121875