2 0.01640625 0.5234375 0.0328125 0.128125
2 0.0921875 0.56640625 0.034375 0.1328125
2 0.309375 0.52421875 0.03125 0.1
2 0.43359375 0.53828125 0.0453125 0.1265625
2 0.4109375 0.68984375 0.053125 0.1640625
2 0.3640625 0.71171875 0.078125 0.1671875
0 0.31171875 0.6015625 0.0203125 0.0234375
1 0.58984375 0.84140625 0.078125 0.2546875
1 0.85 0.4671875 0.028125 0.0765625
2 0.8078125 0.5234375 0.040625 0.1015625
2 0.82890625 0.52734375 0.0359375 0.09375
2 0.85078125 0.540625 0.0328125 0.1078125
2 0.8765625 0.54453125 0.0328125 0.1140625
2 0.90546875 0.65 0.0453125 0.1546875
2 0.7890625 0.63984375 0.0640625 0.1375