2 0.70234375 0.39765625 0.0265625 0.115625
2 0.6765625 0.4078125 0.0390625 0.109375
0 0.69453125 0.38828125 0.015625 0.01875
2 0.609375 0.478125 0.0515625 0.146875
2 0.53671875 0.434375 0.034375 0.1546875
2 0.4359375 0.32578125 0.025 0.0875
2 0.37890625 0.36328125 0.03125 0.096875
2 0.2859375 0.315625 0.0203125 0.0796875
2 0.31015625 0.36953125 0.028125 0.0953125
2 0.28203125 0.3921875 0.021875 0.1046875
2 0.25625 0.3921875 0.0328125 0.0921875
2 0.2296875 0.3796875 0.025 0.1015625
2 0.1890625 0.334375 0.021875 0.0859375
2 0.1984375 0.3875 0.0265625 0.1125
2 0.140625 0.34765625 0.025 0.1078125