2 0.053125 0.5953125 0.03046875 0.146875
2 0.15625 0.59296875 0.0375 0.134375
2 0.2515625 0.59140625 0.02265625 0.12265625
2 0.2359375 0.5984375 0.0359375 0.13359375
2 0.3078125 0.63671875 0.0390625 0.16484375
2 0.490625 0.575 0.021875 0.115625
2 0.44609375 0.5859375 0.01953125 0.12109375
2 0.47109375 0.5875 0.01796875 0.1125
0 0.46640625 0.52109375 0.01484375 0.0234375
2 0.53359375 0.58046875 0.0328125 0.12421875
2 0.64921875 0.6125 0.03359375 0.14296875
2 0.678125 0.5984375 0.0171875 0.13125
2 0.6921875 0.6234375 0.0234375 0.134375
2 0.74140625 0.6 0.02578125 0.13671875
2 0.7859375 0.63359375 0.03046875 0.14609375
1 0.834375 0.56953125 0.03828125 0.1421875
1 0.18984375 0.74765625 0.05078125 0.1765625