2 0.06953125 0.65390625 0.06875 0.1640625
2 0.17265625 0.63125 0.046875 0.15625
2 0.290625 0.540625 0.028125 0.096875
2 0.3203125 0.52265625 0.0453125 0.071875
2 0.2640625 0.578125 0.0484375 0.140625
2 0.31015625 0.60078125 0.0375 0.121875
0 0.32421875 0.559375 0.0125 0.0296875
2 0.409375 0.62265625 0.0453125 0.1390625
2 0.58828125 0.59921875 0.0390625 0.1296875
2 0.5328125 0.553125 0.0359375 0.0703125
2 0.5125 0.57890625 0.040625 0.1140625
2 0.53359375 0.62578125 0.0390625 0.1234375
2 0.73671875 0.5984375 0.0328125 0.125
2 0.7859375 0.584375 0.0328125 0.121875
2 0.8328125 0.590625 0.034375 0.1234375
1 0.8203125 0.5328125 0.025 0.1046875
1 0.540625 0.76875 0.0546875 0.1875