1 0.93359375 0.73671875 0.125 0.3375
2 0.98203125 0.51484375 0.0359375 0.1890625
2 0.97265625 0.46015625 0.0546875 0.1546875
2 0.90546875 0.43359375 0.04375 0.121875
2 0.88984375 0.4546875 0.059375 0.14375
2 0.6515625 0.54453125 0.059375 0.165625
2 0.49453125 0.459375 0.0390625 0.0984375
2 0.4984375 0.4171875 0.0203125 0.046875
2 0.49296875 0.5390625 0.0671875 0.1484375
2 0.375 0.55546875 0.0625 0.1484375
2 0.1265625 0.5828125 0.0671875 0.1375
2 0.17421875 0.5640625 0.0625 0.1375
0 0.36640625 0.34140625 0.0234375 0.0296875