2 0.46640625 0.3296875 0.01953125 0.0921875
2 0.4515625 0.36015625 0.03125 0.103125
2 0.5484375 0.37265625 0.02578125 0.1140625
2 0.5875 0.32734375 0.025 0.10625
2 0.6984375 0.325 0.0265625 0.0984375
2 0.7125 0.38203125 0.03203125 0.103125
2 0.59140625 0.53828125 0.03515625 0.15625
2 0.57734375 0.63671875 0.06328125 0.20390625
2 0.8625 0.50625 0.06171875 0.159375
2 0.96015625 0.35703125 0.03828125 0.1015625
2 0.9375 0.42109375 0.0375 0.11640625
2 0.9375 0.54375 0.090625 0.14453125
2 0.98671875 0.615625 0.0265625 0.19453125
0 0.97578125 0.5578125 0.01640625 0.034375