2 0.88125 0.2296875 0.0375 0.078125
2 0.84296875 0.23515625 0.0421875 0.090625
1 0.903125 0.178125 0.0359375 0.075
2 0.803125 0.38203125 0.0609375 0.1203125
2 0.79765625 0.3375 0.03125 0.071875
2 0.6390625 0.2640625 0.034375 0.0640625
2 0.62265625 0.278125 0.0359375 0.084375
2 0.59609375 0.27578125 0.0375 0.0796875
2 0.49375 0.27578125 0.0421875 0.065625
2 0.51484375 0.353125 0.0421875 0.0921875
2 0.48359375 0.43046875 0.0703125 0.1140625
2 0.425 0.4359375 0.0625 0.1203125
2 0.31484375 0.35546875 0.05 0.0875
2 0.290625 0.4109375 0.0609375 0.0921875
2 0.1515625 0.4 0.0609375 0.0953125