1 0.10859375 0.8015625 0.075 0.3296875
2 0.01484375 0.5921875 0.0296875 0.1875
2 0.02578125 0.534375 0.03203125 0.15078125
2 0.0890625 0.49765625 0.025 0.11875
2 0.1078125 0.51640625 0.03828125 0.1390625
2 0.35703125 0.56796875 0.034375 0.1625
2 0.49921875 0.459375 0.025 0.0953125
2 0.48828125 0.41796875 0.0125 0.04609375
2 0.51328125 0.5375 0.0453125 0.14375
2 0.63203125 0.53515625 0.040625 0.14375
2 0.88203125 0.5234375 0.04765625 0.13125
2 0.83203125 0.5125 0.04296875 0.13203125
0 0.60703125 0.32265625 0.01953125 0.0265625