1 0.88515625 0.7640625 0.0625 0.196875
1 0.69609375 0.51796875 0.028125 0.103125
2 0.81875 0.6171875 0.040625 0.11875
2 0.6796875 0.553125 0.0296875 0.096875
2 0.64296875 0.603125 0.04375 0.1203125
2 0.58984375 0.57578125 0.04375 0.1171875
2 0.55 0.54453125 0.0328125 0.1140625
2 0.53046875 0.53125 0.03125 0.103125
2 0.47109375 0.57578125 0.0359375 0.1078125
2 0.4828125 0.5296875 0.025 0.065625
2 0.36640625 0.60703125 0.040625 0.128125
2 0.39609375 0.603125 0.053125 0.1359375
0 0.42265625 0.56640625 0.0140625 0.028125
2 0.28984375 0.51953125 0.0296875 0.090625
2 0.26171875 0.5203125 0.034375 0.0890625
2 0.08828125 0.60390625 0.0515625 0.15
2 0.0375 0.61796875 0.05 0.15