2 0.34375 0.2078125 0.021875 0.059375
2 0.45703125 0.2171875 0.01875 0.0609375
1 0.4546875 0.18515625 0.0171875 0.0421875
2 0.53046875 0.24375 0.0171875 0.05625
2 0.54140625 0.228125 0.0171875 0.0515625
2 0.565625 0.24765625 0.0171875 0.0640625
0 0.59375 0.0921875 0.0109375 0.015625
2 0.73984375 0.32578125 0.021875 0.0671875
2 0.65546875 0.484375 0.0421875 0.096875
2 0.73046875 0.5390625 0.0359375 0.103125
2 0.45078125 0.3578125 0.021875 0.071875
2 0.40234375 0.4078125 0.025 0.0828125
2 0.31015625 0.55078125 0.03125 0.0984375
2 0.29375 0.60078125 0.040625 0.10625
2 0.24609375 0.33359375 0.03125 0.065625
2 0.1578125 0.340625 0.025 0.0703125