2 0.67265625 0.5546875 0.040625 0.109375
2 0.7 0.59140625 0.0453125 0.11875
2 0.5359375 0.70234375 0.065625 0.1796875
2 0.578125 0.7125 0.0734375 0.1765625
2 0.45703125 0.58515625 0.034375 0.109375
2 0.44609375 0.60078125 0.0421875 0.096875
2 0.25546875 0.6 0.0625 0.1
2 0.140625 0.609375 0.046875 0.1140625
2 0.2015625 0.6875 0.0484375 0.1328125
2 0.1125 0.7046875 0.053125 0.1359375
2 0.025 0.64140625 0.0328125 0.096875
1 0.01796875 0.58203125 0.0296875 0.0625
1 0.93359375 0.50078125 0.034375 0.0671875
0 0.79453125 0.3609375 0.0171875 0.021875