2 0.6984375 0.390625 0.021875 0.11484375
2 0.6734375 0.4015625 0.03515625 0.1078125
0 0.690625 0.38125 0.01484375 0.01796875
2 0.60859375 0.47421875 0.046875 0.14609375
2 0.534375 0.4328125 0.02890625 0.15390625
2 0.4296875 0.328125 0.02265625 0.08671875
2 0.37421875 0.36796875 0.028125 0.09609375
2 0.2796875 0.3234375 0.01796875 0.0796875
2 0.30546875 0.3765625 0.02421875 0.09375
2 0.278125 0.4 0.01875 0.10390625
2 0.25234375 0.40078125 0.02890625 0.090625
2 0.22578125 0.3890625 0.02109375 0.10078125
2 0.18359375 0.3453125 0.01875 0.0859375
2 0.19453125 0.3984375 0.02265625 0.11171875
2 0.13515625 0.36015625 0.02109375 0.1078125