1 0.50234375 0.4421875 0.04375 0.0921875
2 0.4609375 0.49453125 0.0515625 0.115625
2 0.40390625 0.53515625 0.0484375 0.1140625
2 0.45234375 0.615625 0.065625 0.146875
2 0.3859375 0.6453125 0.06875 0.1484375
2 0.59609375 0.53203125 0.0640625 0.1265625
2 0.64296875 0.5421875 0.0640625 0.1390625
2 0.71171875 0.51328125 0.0515625 0.109375
2 0.7046875 0.5765625 0.0625 0.146875
2 0.7328125 0.63984375 0.078125 0.1609375
2 0.82734375 0.5140625 0.075 0.1453125
2 0.065625 0.8234375 0.05625 0.1765625
2 0.04140625 0.6546875 0.0609375 0.1171875