2 0.1703125 0.55703125 0.0375 0.1109375
2 0.22109375 0.5328125 0.034375 0.10625
2 0.34453125 0.4546875 0.034375 0.0828125
2 0.41953125 0.5234375 0.0359375 0.1
2 0.4953125 0.50703125 0.0421875 0.1125
2 0.4640625 0.4421875 0.03125 0.0921875
1 0.52890625 0.42265625 0.03125 0.084375
2 0.6875 0.45234375 0.025 0.0921875
2 0.66640625 0.45546875 0.0390625 0.09375
2 0.60703125 0.53203125 0.059375 0.0640625
2 0.61953125 0.565625 0.0390625 0.10625
1 0.60625 0.56171875 0.015625 0.021875
2 0.88984375 0.52265625 0.046875 0.109375
2 0.95859375 0.51953125 0.0390625 0.125