2 0.1765625 0.6171875 0.0578125 0.14375
2 0.23203125 0.61328125 0.0578125 0.1359375
2 0.403125 0.5234375 0.0328125 0.1046875
2 0.66640625 0.51171875 0.046875 0.1234375
2 0.79140625 0.53046875 0.03125 0.1296875
2 0.79453125 0.4765625 0.025 0.06875
2 0.8828125 0.4921875 0.0265625 0.1125
2 0.903125 0.51953125 0.034375 0.128125
2 0.86875 0.57421875 0.0515625 0.140625
2 0.975 0.5828125 0.0421875 0.140625
1 0.9859375 0.4625 0.028125 0.115625
1 0.56875 0.8359375 0.0734375 0.240625
2 0.4609375 0.69921875 0.05 0.1609375
2 0.43203125 0.7140625 0.084375 0.171875
0 0.4171875 0.70625 0.025 0.03125