1 0.040625 0.4828125 0.05 0.1078125
2 0.2546875 0.24453125 0.034375 0.05625
2 0.36171875 0.27109375 0.0359375 0.0640625
2 0.39609375 0.31953125 0.0375 0.065625
2 0.43671875 0.29296875 0.04375 0.078125
2 0.4671875 0.33828125 0.025 0.0578125
2 0.475 0.37109375 0.0390625 0.0640625
2 0.60234375 0.353125 0.0375 0.08125
2 0.684375 0.42109375 0.0421875 0.078125
2 0.7453125 0.32109375 0.040625 0.0578125
2 0.69453125 0.28515625 0.0328125 0.053125
2 0.54375 0.22890625 0.0234375 0.05
2 0.52578125 0.24609375 0.0265625 0.0546875
2 0.41953125 0.1640625 0.021875 0.04375
2 0.4859375 0.18984375 0.021875 0.05
1 0.578125 0.18125 0.01875 0.040625
0 0.53359375 0.32265625 0.0140625 0.021875