2 0.72890625 0.87890625 0.0703125 0.1578125
2 0.70546875 0.66796875 0.0484375 0.115625
2 0.759375 0.67421875 0.0484375 0.103125
2 0.75625 0.63515625 0.034375 0.0953125
2 0.8171875 0.653125 0.046875 0.0921875
0 0.8359375 0.64140625 0.01875 0.03125
2 0.76484375 0.49765625 0.040625 0.078125
2 0.60546875 0.46875 0.0375 0.0921875
2 0.62578125 0.36484375 0.034375 0.075
2 0.596875 0.36796875 0.028125 0.0640625
2 0.52265625 0.4140625 0.0328125 0.0796875
2 0.3703125 0.39765625 0.0328125 0.075
2 0.38046875 0.37578125 0.0265625 0.0625
2 0.36171875 0.61328125 0.040625 0.1140625
2 0.8875 0.65 0.0453125 0.121875