2 0.7390625 0.3453125 0.03125 0.109375
2 0.584375 0.33515625 0.015625 0.084375
2 0.5953125 0.34921875 0.0265625 0.0890625
2 0.57578125 0.4328125 0.0390625 0.1265625
2 0.63515625 0.3796875 0.0390625 0.121875
2 0.66015625 0.45390625 0.0375 0.121875
2 0.4984375 0.3234375 0.025 0.103125
0 0.4640625 0.42265625 0.0140625 0.01875
2 0.39765625 0.29296875 0.03125 0.090625
2 0.3484375 0.2921875 0.034375 0.0921875
2 0.35078125 0.24375 0.015625 0.0421875
2 0.23828125 0.284375 0.028125 0.0828125
2 0.17734375 0.27265625 0.0234375 0.08125
2 0.14765625 0.2546875 0.0203125 0.0703125
2 0.1140625 0.25078125 0.0234375 0.078125