2 0.9359375 0.33125 0.059375 0.2890625
2 0.859375 0.34375 0.09296875 0.36640625
2 0.6265625 0.3921875 0.08203125 0.33203125
2 0.478125 0.359375 0.0828125 0.34140625
2 0.3828125 0.3296875 0.0671875 0.290625
2 0.13359375 0.32734375 0.07890625 0.2859375
2 0.47421875 0.096875 0.0078125 0.03984375
2 0.4859375 0.09765625 0.01171875 0.04140625
2 0.51484375 0.09609375 0.01015625 0.0375
2 0.5328125 0.096875 0.0078125 0.040625
2 0.5421875 0.0984375 0.009375 0.0375
2 0.5546875 0.09765625 0.0109375 0.02890625
2 0.57578125 0.09765625 0.0109375 0.04453125