2 0.1765625 0.78359375 0.0484375 0.20625
2 0.2484375 0.67890625 0.0390625 0.15078125
2 0.25 0.54375 0.0203125 0.0828125
2 0.22421875 0.55234375 0.040625 0.0984375
2 0.06171875 0.5609375 0.02734375 0.11015625
1 0.09609375 0.47421875 0.02265625 0.07734375
2 0.453125 0.53828125 0.0265625 0.1
2 0.5296875 0.5671875 0.034375 0.08046875
2 0.56796875 0.5703125 0.03984375 0.08984375
2 0.5390625 0.68671875 0.04140625 0.14609375
2 0.7046875 0.7203125 0.05078125 0.18359375
2 0.86328125 0.6515625 0.0375 0.13828125
2 0.9765625 0.64375 0.04453125 0.15546875
0 0.68984375 0.6984375 0.01875 0.034375
2 0.5390625 0.52265625 0.02265625 0.0921875