2 0.46953125 0.32890625 0.021875 0.0921875
2 0.45390625 0.359375 0.0328125 0.103125
2 0.55078125 0.3734375 0.028125 0.1140625
2 0.590625 0.32890625 0.0265625 0.10625
2 0.7015625 0.328125 0.028125 0.0984375
2 0.71484375 0.3859375 0.034375 0.103125
2 0.590625 0.53984375 0.0375 0.15625
2 0.575 0.63828125 0.0671875 0.2046875
2 0.8625 0.5125 0.0640625 0.1609375
2 0.9625 0.36484375 0.040625 0.1015625
2 0.9390625 0.42890625 0.0390625 0.1171875
2 0.93671875 0.5515625 0.09375 0.1453125
2 0.984375 0.62421875 0.0296875 0.1953125
0 0.975 0.56640625 0.0171875 0.034375