1 0.38046875 0.890625 0.1234375 0.2125
0 0.42109375 0.76640625 0.03125 0.04375
2 0.06640625 0.58046875 0.05625 0.1828125
1 0.0671875 0.4625 0.0390625 0.103125
2 0.31171875 0.51171875 0.0421875 0.134375
2 0.37578125 0.5890625 0.059375 0.1578125
2 0.62578125 0.53828125 0.0359375 0.1390625
2 0.65234375 0.5640625 0.0453125 0.1421875
2 0.78828125 0.825 0.0984375 0.259375
2 0.846875 0.5859375 0.05625 0.1578125
2 0.9171875 0.64140625 0.0453125 0.1625
2 0.96953125 0.65703125 0.05 0.14375
2 0.98125 0.54921875 0.0375 0.1015625