2 0.659375 0.5578125 0.0390625 0.1125
2 0.66171875 0.50078125 0.0359375 0.065625
2 0.684375 0.565625 0.04375 0.1125
2 0.54140625 0.51015625 0.040625 0.1125
2 0.5265625 0.48828125 0.0328125 0.0921875
2 0.43046875 0.5453125 0.04375 0.115625
2 0.60703125 0.478125 0.0359375 0.0875
2 0.31875 0.55625 0.05 0.1421875
2 0.22578125 0.4609375 0.0328125 0.1046875
2 0.23203125 0.52109375 0.0390625 0.1265625
2 0.18046875 0.55703125 0.0625 0.14375
2 0.19140625 0.48828125 0.0484375 0.109375
1 0.33984375 0.78046875 0.1 0.278125