1 0.8515625 0.4453125 0.04375 0.1484375
2 0.89375 0.51640625 0.040625 0.109375
2 0.8765625 0.58046875 0.0515625 0.1640625
1 0.875 0.71171875 0.084375 0.24375
2 0.709375 0.50859375 0.0484375 0.1453125
2 0.55859375 0.51875 0.0578125 0.1390625
2 0.60703125 0.53203125 0.0484375 0.140625
2 0.63984375 0.59609375 0.053125 0.1703125
2 0.40546875 0.6046875 0.0625 0.1640625
2 0.4453125 0.6 0.065625 0.2046875
2 0.1359375 0.61953125 0.06875 0.1609375
2 0.14140625 0.5703125 0.0421875 0.1109375
2 0.1890625 0.56953125 0.05625 0.1484375
2 0.26328125 0.6140625 0.0546875 0.1796875