2 0.825 0.571875 0.0734375 0.134375
2 0.44453125 0.44140625 0.0640625 0.128125
2 0.625 0.41171875 0.0765625 0.1375
2 0.67890625 0.41328125 0.0671875 0.103125
2 0.75234375 0.334375 0.0625 0.1171875
2 0.5046875 0.24921875 0.046875 0.0828125
2 0.5984375 0.16484375 0.046875 0.096875
2 0.53984375 0.10546875 0.040625 0.0671875
2 0.51328125 0.09609375 0.040625 0.09375
2 0.7171875 0.07890625 0.04375 0.0796875
2 0.66953125 0.25390625 0.05 0.0859375
2 0.71640625 0.26015625 0.0421875 0.09375
2 0.7421875 0.246875 0.046875 0.090625
2 0.83203125 0.1 0.0359375 0.0734375