2 0.2984375 0.43984375 0.0109375 0.06015625
2 0.31484375 0.4453125 0.0171875 0.0578125
2 0.35625 0.44453125 0.01875 0.04609375
2 0.3375 0.46484375 0.0203125 0.06796875
2 0.37265625 0.41640625 0.0125 0.0421875
2 0.3828125 0.43515625 0.0140625 0.04453125
2 0.41328125 0.440625 0.01171875 0.0546875
2 0.4296875 0.45078125 0.01875 0.0625
2 0.44609375 0.47890625 0.01953125 0.071875
2 0.4671875 0.40625 0.01171875 0.03984375
2 0.4765625 0.43515625 0.01484375 0.05234375
2 0.5203125 0.40546875 0.0109375 0.05546875
2 0.5328125 0.43984375 0.009375 0.04921875
2 0.53984375 0.4484375 0.015625 0.053125