2 0.603125 0.18515625 0.0296875 0.0609375
2 0.49375 0.2140625 0.0265625 0.0625
1 0.48984375 0.18203125 0.0234375 0.04375
2 0.425 0.253125 0.0234375 0.0578125
2 0.41171875 0.23984375 0.025 0.053125
2 0.39140625 0.26328125 0.0265625 0.065625
0 0.33671875 0.11484375 0.0125 0.0171875
2 0.23359375 0.36953125 0.03125 0.0703125
2 0.34453125 0.5109375 0.0546875 0.1015625
2 0.2796875 0.578125 0.0484375 0.10625
2 0.52421875 0.3515625 0.0328125 0.075
2 0.58046875 0.3921875 0.0375 0.0859375
2 0.69609375 0.5171875 0.0453125 0.1015625
2 0.7203125 0.56328125 0.0546875 0.1109375
2 0.72109375 0.29140625 0.0390625 0.06875
2 0.80859375 0.28359375 0.034375 0.071875