2 0.15 0.31484375 0.0703125 0.2875
2 0.28984375 0.3609375 0.04921875 0.2609375
2 0.40390625 0.36328125 0.06171875 0.28984375
2 0.55625 0.34375 0.0640625 0.28671875
2 0.75625 0.36015625 0.053125 0.26875
2 0.90859375 0.3609375 0.04921875 0.2734375
2 0.9859375 0.3578125 0.02734375 0.265625
2 0.6421875 0.14453125 0.01015625 0.04140625
2 0.5796875 0.14140625 0.0109375 0.03828125
2 0.5703125 0.140625 0.0078125 0.0390625
2 0.5546875 0.14140625 0.009375 0.04296875
2 0.53515625 0.1421875 0.00859375 0.03515625
2 0.50859375 0.13984375 0.0109375 0.0375
2 0.4640625 0.13828125 0.01015625 0.0421875