2 0.79453125 0.27265625 0.05 0.10625
2 0.753125 0.3 0.0484375 0.10625
2 0.62265625 0.36875 0.0609375 0.1359375
2 0.5703125 0.27421875 0.0328125 0.071875
2 0.56953125 0.25078125 0.0171875 0.0359375
2 0.55390625 0.30234375 0.05 0.084375
2 0.46796875 0.32734375 0.04375 0.0859375
2 0.446875 0.35078125 0.0421875 0.0953125
2 0.36953125 0.39765625 0.04375 0.1078125
2 0.3203125 0.3984375 0.040625 0.103125
2 0.3546875 0.43828125 0.05625 0.1171875
2 0.246875 0.5 0.08125 0.15
2 0.08125 0.33671875 0.0375 0.0671875
2 0.00859375 0.40703125 0.0171875 0.0796875