2 0.85546875 0.7421875 0.0734375 0.2109375
2 0.771875 0.646875 0.0578125 0.1546875
2 0.753125 0.51328125 0.0296875 0.084375
2 0.78046875 0.51796875 0.0515625 0.103125
2 0.9421875 0.50703125 0.040625 0.1125
1 0.89765625 0.425 0.03125 0.0796875
2 0.5515625 0.53203125 0.0390625 0.103125
2 0.47890625 0.5703125 0.04375 0.084375
2 0.44140625 0.578125 0.05 0.09375
2 0.48359375 0.68984375 0.059375 0.15
2 0.3234375 0.74375 0.0734375 0.1890625
2 0.1578125 0.69453125 0.0546875 0.1421875
2 0.04453125 0.70078125 0.0625 0.159375
0 0.3359375 0.7203125 0.0234375 0.0359375
2 0.4640625 0.52734375 0.034375 0.09375