2 0.29765625 0.3140625 0.0484375 0.2203125
2 0.38984375 0.315625 0.05234375 0.2140625
2 0.67421875 0.30078125 0.05546875 0.22890625
2 0.83984375 0.31328125 0.05546875 0.21796875
2 0.69140625 0.1203125 0.0171875 0.04453125
2 0.65546875 0.109375 0.01015625 0.0375
2 0.628125 0.1109375 0.01171875 0.04375
2 0.61171875 0.10859375 0.00859375 0.03984375
2 0.6015625 0.1109375 0.0109375 0.04296875
2 0.58203125 0.10859375 0.01015625 0.04453125
2 0.57265625 0.11171875 0.00859375 0.0421875
2 0.5171875 0.1109375 0.0140625 0.0390625