1 0.59375 0.4515625 0.034375 0.10390625
2 0.68046875 0.51796875 0.02890625 0.1140625
2 0.709375 0.53046875 0.03828125 0.13515625
2 0.575 0.6203125 0.0421875 0.1625
2 0.5984375 0.6578125 0.03984375 0.19609375
2 0.47890625 0.490625 0.03671875 0.09765625
2 0.43046875 0.48515625 0.02578125 0.09921875
2 0.4640625 0.53671875 0.0484375 0.10546875
2 0.43359375 0.553125 0.01796875 0.1015625
2 0.4515625 0.609375 0.0296875 0.1640625
2 0.365625 0.521875 0.0328125 0.11015625
2 0.39609375 0.521875 0.03359375 0.11953125
0 0.415625 0.4640625 0.01484375 0.01640625
2 0.384375 0.6078125 0.03359375 0.14609375
2 0.4015625 0.63515625 0.03671875 0.16796875
2 0.26015625 0.56796875 0.04765625 0.1421875