2 0.7625 0.4984375 0.04453125 0.19921875
2 0.5203125 0.453125 0.06796875 0.16796875
2 0.29453125 0.50390625 0.04375 0.1890625
2 0.27265625 0.53046875 0.06015625 0.18828125
2 0.26796875 0.3421875 0.0234375 0.1140625
2 0.21484375 0.20546875 0.01484375 0.06171875
2 0.171875 0.22265625 0.02421875 0.075
2 0.19765625 0.246875 0.0234375 0.078125
2 0.2359375 0.25859375 0.021875 0.0828125
2 0.42109375 0.2296875 0.01796875 0.0828125
2 0.4484375 0.23671875 0.025 0.09765625
2 0.52265625 0.2953125 0.04609375 0.11015625
2 0.4421875 0.303125 0.0328125 0.08671875
2 0.41484375 0.3 0.025 0.09375