1 0.23359375 0.771875 0.0734375 0.190625
1 0.8140625 0.52734375 0.046875 0.146875
2 0.78984375 0.59375 0.0546875 0.1390625
2 0.75 0.5671875 0.046875 0.1390625
2 0.65625 0.5921875 0.04375 0.1375
2 0.61875 0.58203125 0.0515625 0.134375
2 0.56953125 0.60078125 0.0671875 0.15
2 0.4828125 0.578125 0.0375 0.134375
2 0.44453125 0.5875 0.0421875 0.1234375
2 0.4640625 0.596875 0.040625 0.1375
2 0.5 0.5875 0.05 0.134375
2 0.36328125 0.65234375 0.0640625 0.1640625
2 0.2640625 0.61640625 0.0359375 0.115625
2 0.2546875 0.63046875 0.04375 0.1296875
2 0.14453125 0.65078125 0.0578125 0.1546875
2 0.096875 0.66015625 0.0609375 0.1453125