2 0.34453125 0.56875 0.046875 0.1140625
2 0.33828125 0.51171875 0.040625 0.0671875
2 0.32109375 0.578125 0.0515625 0.1140625
2 0.459375 0.5125 0.046875 0.1125
2 0.47265625 0.490625 0.0390625 0.09375
2 0.571875 0.540625 0.0515625 0.1171875
2 0.3921875 0.4859375 0.0421875 0.0875
2 0.684375 0.54375 0.059375 0.14375
2 0.7703125 0.4421875 0.040625 0.10625
2 0.76875 0.50234375 0.046875 0.128125
2 0.82265625 0.534375 0.0703125 0.1453125
2 0.80703125 0.46640625 0.05625 0.1109375
1 0.67890625 0.76796875 0.11875 0.28125