2 0.82890625 0.45078125 0.0640625 0.13125
2 0.42734375 0.465625 0.053125 0.128125
2 0.584375 0.37265625 0.065625 0.1359375
2 0.6359375 0.3546875 0.059375 0.1015625
2 0.6765625 0.25546875 0.0546875 0.115625
2 0.41484375 0.2640625 0.040625 0.08125
2 0.471875 0.15234375 0.0390625 0.096875
2 0.3953125 0.1171875 0.0359375 0.065625
2 0.3671875 0.11875 0.0328125 0.09375
2 0.5515625 0.03359375 0.0375 0.0671875
2 0.5703125 0.209375 0.04375 0.084375
2 0.61640625 0.19921875 0.034375 0.0921875
2 0.63515625 0.17734375 0.0390625 0.0890625
2 0.66640625 0.021875 0.0296875 0.04375