1 0.16171875 0.390625 0.065625 0.1484375
2 0.10859375 0.4546875 0.05625 0.1109375
2 0.115625 0.52109375 0.075 0.165625
1 0.09609375 0.65078125 0.1203125 0.2484375
2 0.2921875 0.47578125 0.06875 0.146875
2 0.4390625 0.50859375 0.078125 0.14375
2 0.3890625 0.51484375 0.06875 0.1421875
2 0.346875 0.57265625 0.078125 0.171875
2 0.5765625 0.61796875 0.0859375 0.1671875
2 0.53828125 0.60703125 0.0953125 0.20625
2 0.84140625 0.675 0.0921875 0.165625
2 0.84296875 0.62578125 0.0578125 0.1125
2 0.79609375 0.6171875 0.078125 0.1515625
2 0.71640625 0.65 0.08125 0.18125