2 0.91953125 0.6578125 0.05 0.1375
2 0.7875 0.63515625 0.040625 0.13125
2 0.76640625 0.64765625 0.0421875 0.1375
2 0.74921875 0.6359375 0.0375 0.1234375
2 0.628125 0.6703125 0.065625 0.171875
2 0.5296875 0.5828125 0.05625 0.1140625
2 0.46875 0.57265625 0.0421875 0.1
2 0.4375 0.59453125 0.0640625 0.1375
2 0.40234375 0.5796875 0.0703125 0.128125
0 0.4328125 0.4703125 0.021875 0.0265625
2 0.28125 0.5734375 0.04375 0.1328125
2 0.25859375 0.56640625 0.05 0.140625
2 0.2046875 0.5953125 0.065625 0.14375
2 0.32109375 0.61328125 0.05 0.1421875
2 0.31953125 0.57421875 0.0359375 0.10625
1 0.11015625 0.53046875 0.0515625 0.153125
1 0.7984375 0.825 0.084375 0.203125