2 0.1984375 0.39609375 0.03203125 0.09375
2 0.23671875 0.384375 0.03203125 0.08515625
2 0.25390625 0.33046875 0.028125 0.059375
2 0.2484375 0.3046875 0.0140625 0.04296875
2 0.490625 0.303125 0.025 0.05859375
2 0.51796875 0.30234375 0.02109375 0.06640625
2 0.60390625 0.3140625 0.03203125 0.0546875
2 0.6078125 0.378125 0.034375 0.084375
2 0.66015625 0.33125 0.02890625 0.06640625
2 0.71875 0.44765625 0.0296875 0.103125
2 0.78515625 0.3890625 0.03203125 0.08203125
2 0.76328125 0.4578125 0.03359375 0.10234375
2 0.79609375 0.49609375 0.04140625 0.1265625
2 0.9125 0.44453125 0.040625 0.1
1 0.1953125 0.27265625 0.02109375 0.06328125