2 0.72734375 0.45 0.0640625 0.121875
2 0.67109375 0.4640625 0.053125 0.1140625
2 0.63828125 0.50390625 0.06875 0.13125
2 0.57890625 0.53359375 0.071875 0.140625
2 0.5296875 0.446875 0.0578125 0.0984375
2 0.50703125 0.478125 0.0625 0.1109375
0 0.72578125 0.40234375 0.01875 0.0296875
2 0.396875 0.5734375 0.0671875 0.1296875
2 0.32734375 0.6234375 0.071875 0.15625
2 0.1453125 0.57890625 0.0453125 0.0890625
2 0.175 0.625 0.059375 0.128125
2 0.11328125 0.63984375 0.0671875 0.134375
2 0.1015625 0.69453125 0.08125 0.171875
1 0.30546875 0.85546875 0.1484375 0.2890625