2 0.36484375 0.39375 0.04375 0.1078125
2 0.26875 0.3578125 0.0265625 0.0765625
2 0.28359375 0.38046875 0.0375 0.0953125
2 0.22109375 0.40390625 0.0375 0.103125
0 0.271875 0.36875 0.0140625 0.0203125
2 0.0390625 0.36484375 0.034375 0.065625
2 0.09609375 0.3640625 0.0234375 0.059375
2 0.1140625 0.38515625 0.0296875 0.0859375
2 0.06796875 0.40390625 0.0375 0.0984375
2 0.0140625 0.44609375 0.028125 0.0921875
2 0.025 0.52734375 0.05 0.1484375
2 0.0921875 0.43515625 0.034375 0.090625
2 0.11796875 0.45703125 0.0671875 0.140625