2 0.29765625 0.89453125 0.0796875 0.159375
2 0.30703125 0.68203125 0.0546875 0.115625
2 0.253125 0.6921875 0.0546875 0.103125
2 0.25390625 0.65234375 0.040625 0.0953125
2 0.19375 0.67421875 0.0515625 0.09375
0 0.175 0.66484375 0.0203125 0.03125
2 0.2359375 0.515625 0.0453125 0.0796875
2 0.39296875 0.47578125 0.04375 0.0921875
2 0.36484375 0.37421875 0.0390625 0.0765625
2 0.39375 0.375 0.0328125 0.065625
2 0.47109375 0.41640625 0.0375 0.0796875
2 0.621875 0.3890625 0.0375 0.075
2 0.61015625 0.36796875 0.03125 0.0625
2 0.64609375 0.60390625 0.0484375 0.1140625
2 0.1234375 0.6765625 0.053125 0.121875