2 0.34921875 0.20546875 0.02109375 0.05859375
2 0.46171875 0.21640625 0.0171875 0.06015625
1 0.46015625 0.184375 0.0171875 0.0421875
2 0.53515625 0.24453125 0.015625 0.05546875
2 0.54609375 0.22890625 0.01640625 0.0515625
2 0.5703125 0.24921875 0.01640625 0.06328125
0 0.60078125 0.09375 0.01015625 0.015625
2 0.74296875 0.3296875 0.02109375 0.0671875
2 0.65546875 0.48671875 0.040625 0.096875
2 0.7296875 0.54296875 0.03359375 0.10234375
2 0.453125 0.35703125 0.02109375 0.071875
2 0.40390625 0.40625 0.02421875 0.0828125
2 0.309375 0.54765625 0.0296875 0.09765625
2 0.2921875 0.596875 0.03828125 0.10625
2 0.24921875 0.32890625 0.0296875 0.065625
2 0.1609375 0.334375 0.02421875 0.06953125