2 0.02109375 0.52890625 0.0421875 0.1640625
0 0.0109375 0.4953125 0.021875 0.01875
2 0.0515625 0.53828125 0.071875 0.1609375
2 0.215625 0.36953125 0.0375 0.1
2 0.24921875 0.35859375 0.0359375 0.1
2 0.25 0.446875 0.05 0.140625
2 0.28125 0.3015625 0.0296875 0.0765625
2 0.45390625 0.26328125 0.028125 0.0796875
2 0.48125 0.33125 0.0375 0.1
2 0.58359375 0.2515625 0.0296875 0.06875
2 0.584375 0.31015625 0.0328125 0.0859375
2 0.6875 0.23671875 0.025 0.0703125
2 0.7984375 0.36484375 0.0515625 0.1421875
2 0.82890625 0.33203125 0.059375 0.1484375
2 0.9390625 0.26015625 0.040625 0.109375