2 0.4796875 0.33203125 0.034375 0.0734375
2 0.51953125 0.32734375 0.021875 0.06875
2 0.53515625 0.35703125 0.01875 0.0796875
2 0.5484375 0.36640625 0.0234375 0.0765625
2 0.503125 0.44453125 0.0359375 0.1171875
2 0.42109375 0.4625 0.0375 0.140625
2 0.36015625 0.4484375 0.034375 0.1
2 0.39296875 0.35078125 0.03125 0.078125
2 0.38046875 0.296875 0.015625 0.065625
2 0.35625 0.30859375 0.01875 0.065625
2 0.35546875 0.3484375 0.025 0.06875
2 0.309375 0.334375 0.0234375 0.078125
2 0.284375 0.425 0.03125 0.1
2 0.24765625 0.33359375 0.0328125 0.0703125
0 0.40625 0.3296875 0.0125 0.0171875