2 0.9515625 0.40859375 0.096875 0.2953125
2 0.88125 0.40859375 0.1546875 0.3765625
2 0.64375 0.415625 0.1390625 0.340625
2 0.503125 0.3578125 0.140625 0.35
2 0.4140625 0.31171875 0.1171875 0.2984375
2 0.16953125 0.26640625 0.128125 0.2953125
2 0.54453125 0.0984375 0.0140625 0.040625
2 0.55625 0.1015625 0.01875 0.0421875
2 0.584375 0.1046875 0.0171875 0.0390625
2 0.60234375 0.10859375 0.0140625 0.040625
2 0.6109375 0.11171875 0.015625 0.0390625
2 0.6234375 0.11328125 0.015625 0.0296875
2 0.64453125 0.1171875 0.01875 0.0453125