2 0.73046875 0.53515625 0.0484375 0.11875
2 0.6734375 0.52734375 0.0375 0.1125
2 0.628125 0.553125 0.05 0.1296875
2 0.5609375 0.56015625 0.0515625 0.1390625
2 0.546875 0.4609375 0.04375 0.0953125
2 0.51484375 0.48203125 0.046875 0.1078125
0 0.74609375 0.48984375 0.015625 0.0296875
2 0.37734375 0.53203125 0.05 0.128125
2 0.29453125 0.553125 0.05 0.15625
2 0.140625 0.446875 0.0328125 0.0875
2 0.15234375 0.5 0.040625 0.1265625
2 0.08828125 0.4921875 0.0484375 0.1328125
2 0.05859375 0.5390625 0.0578125 0.1703125
1 0.1875 0.771875 0.103125 0.30625