2 0.78671875 0.271875 0.0328125 0.06875
2 0.596875 0.17734375 0.0234375 0.0546875
2 0.5265625 0.2 0.021875 0.05
2 0.33515625 0.29375 0.0328125 0.06875
2 0.28359375 0.325 0.0296875 0.0609375
2 0.37734375 0.425 0.0375 0.0796875
2 0.425 0.3796875 0.0375 0.0796875
2 0.51171875 0.246875 0.021875 0.05
2 0.52578125 0.25859375 0.0265625 0.0609375
2 0.56796875 0.32578125 0.028125 0.0609375
2 0.571875 0.3703125 0.03125 0.071875
2 0.6390625 0.30234375 0.028125 0.059375
2 0.659375 0.328125 0.0375 0.0640625
2 0.6734375 0.3 0.0265625 0.0578125
1 0.41796875 0.1921875 0.0203125 0.046875