2 0.16484375 0.3390625 0.02890625 0.103125
2 0.2109375 0.35703125 0.02734375 0.10234375
2 0.35234375 0.396875 0.03515625 0.13125
2 0.384375 0.29375 0.01875 0.06953125
2 0.38046875 0.2703125 0.009375 0.03515625
2 0.40625 0.31796875 0.03359375 0.07890625
2 0.4953125 0.32421875 0.02734375 0.0828125
2 0.52109375 0.34296875 0.0234375 0.09296875
2 0.60625 0.37265625 0.021875 0.10546875
2 0.6546875 0.36328125 0.0203125 0.10078125
2 0.62890625 0.409375 0.03359375 0.11328125
2 0.74765625 0.44765625 0.053125 0.1421875
2 0.87578125 0.253125 0.025 0.06328125
2 0.9734375 0.3046875 0.028125 0.07578125