2 0.8875 0.4515625 0.040625 0.0859375
2 0.85859375 0.4796875 0.0453125 0.1140625
2 0.834375 0.5671875 0.0609375 0.1359375
2 0.7828125 0.50703125 0.046875 0.10625
2 0.67421875 0.48359375 0.05 0.103125
2 0.7703125 0.57734375 0.0640625 0.1625
2 0.675 0.5984375 0.05 0.1671875
2 0.63359375 0.615625 0.071875 0.1515625
2 0.24453125 0.56328125 0.0484375 0.121875
2 0.2109375 0.56953125 0.0515625 0.1171875
2 0.278125 0.61328125 0.0515625 0.1453125
1 0.09921875 0.53046875 0.04375 0.1109375
2 0.08125 0.64609375 0.0484375 0.1296875
1 0.403125 0.8296875 0.078125 0.23125
0 0.74921875 0.5203125 0.0203125 0.0296875