2 0.67734375 0.5359375 0.05 0.109375
2 0.7078125 0.56953125 0.05625 0.1203125
2 0.55625 0.69765625 0.0828125 0.18125
2 0.6 0.703125 0.090625 0.1796875
2 0.465625 0.5890625 0.04375 0.109375
2 0.45703125 0.60546875 0.0515625 0.0984375
2 0.2671875 0.625 0.0703125 0.103125
2 0.15390625 0.646875 0.0578125 0.1140625
2 0.22265625 0.7171875 0.0609375 0.134375
2 0.1359375 0.74375 0.065625 0.1359375
2 0.04296875 0.690625 0.0421875 0.096875
1 0.02890625 0.63203125 0.0359375 0.0625
1 0.93125 0.45546875 0.0390625 0.06875
0 0.778125 0.33046875 0.01875 0.021875