2 0.7625 0.4890625 0.0515625 0.2
2 0.51875 0.45234375 0.0734375 0.1703125
2 0.29453125 0.5109375 0.05 0.190625
2 0.27421875 0.53828125 0.0671875 0.190625
2 0.2625 0.35 0.028125 0.1140625
2 0.2046875 0.215625 0.0171875 0.0625
2 0.1625 0.234375 0.0265625 0.0765625
2 0.1890625 0.2578125 0.0265625 0.078125
2 0.22734375 0.26796875 0.025 0.0828125
2 0.41171875 0.2328125 0.0203125 0.0828125
2 0.4390625 0.2390625 0.028125 0.0984375
2 0.515625 0.29453125 0.05 0.1109375
2 0.43515625 0.30546875 0.0359375 0.0875
2 0.4078125 0.303125 0.028125 0.0953125