2 0.15859375 0.54140625 0.075 0.146875
2 0.21328125 0.55 0.0734375 0.140625
2 0.40078125 0.50078125 0.0453125 0.10625
2 0.659375 0.5484375 0.0609375 0.1265625
2 0.7765625 0.59453125 0.046875 0.13125
2 0.7921875 0.54375 0.0328125 0.0703125
2 0.875 0.57890625 0.040625 0.1140625
2 0.88828125 0.609375 0.05 0.1296875
2 0.8421875 0.65546875 0.0671875 0.14375
2 0.94453125 0.6875 0.0578125 0.1421875
1 0.98046875 0.5734375 0.0390625 0.115625
1 0.49140625 0.84296875 0.1015625 0.2453125
2 0.4171875 0.68515625 0.06875 0.1640625
2 0.3859375 0.69296875 0.103125 0.1796875
0 0.37265625 0.68203125 0.028125 0.0328125