2 0.92578125 0.5546875 0.078125 0.071875
2 0.77109375 0.5453125 0.071875 0.14375
2 0.696875 0.53125 0.0703125 0.1265625
2 0.62265625 0.48515625 0.046875 0.1140625
0 0.63515625 0.4953125 0.021875 0.025
2 0.52890625 0.50859375 0.0453125 0.09375
2 0.40078125 0.55078125 0.046875 0.1296875
2 0.4671875 0.59609375 0.03125 0.146875
2 0.45546875 0.55859375 0.025 0.109375
2 0.48125 0.609375 0.040625 0.1578125
2 0.43984375 0.62734375 0.0484375 0.1640625
2 0.25625 0.54375 0.034375 0.1375
2 0.23359375 0.55546875 0.0390625 0.140625
2 0.30390625 0.6546875 0.034375 0.1796875
2 0.32421875 0.6640625 0.0546875 0.1859375
1 0.334375 0.46171875 0.0390625 0.1171875