2 0.30234375 0.2953125 0.04375 0.1109375
2 0.4546875 0.3203125 0.0265625 0.084375
2 0.440625 0.33203125 0.0375 0.090625
2 0.44140625 0.4171875 0.0546875 0.1296875
2 0.3953125 0.35234375 0.053125 0.125
2 0.35390625 0.41875 0.0515625 0.1234375
2 0.54140625 0.328125 0.0375 0.1046875
0 0.55234375 0.4328125 0.015625 0.0203125
2 0.646875 0.32109375 0.0421875 0.09375
2 0.69453125 0.33203125 0.04375 0.0953125
2 0.703125 0.28359375 0.021875 0.04375
2 0.803125 0.34921875 0.0375 0.084375
2 0.865625 0.35078125 0.0328125 0.0828125
2 0.8984375 0.33984375 0.028125 0.071875
2 0.93203125 0.34375 0.0328125 0.078125