1 0.9578125 0.53828125 0.0375 0.1046875
2 0.77421875 0.27578125 0.028125 0.0546875
2 0.66484375 0.28984375 0.0296875 0.0625
2 0.625 0.33359375 0.03125 0.0640625
2 0.58828125 0.30234375 0.034375 0.075
2 0.55234375 0.34296875 0.0171875 0.05625
2 0.540625 0.375 0.0328125 0.0609375
2 0.41640625 0.34140625 0.028125 0.0796875
2 0.3265625 0.39921875 0.0328125 0.075
2 0.27890625 0.2921875 0.0359375 0.0546875
2 0.33359375 0.26328125 0.0265625 0.0515625
2 0.48984375 0.22578125 0.01875 0.0484375
2 0.50546875 0.24453125 0.0203125 0.0546875
2 0.62109375 0.17578125 0.0171875 0.0421875
2 0.55234375 0.19375 0.015625 0.0484375
1 0.4609375 0.17421875 0.0140625 0.0390625
0 0.48828125 0.31953125 0.0125 0.0203125