2 0.95234375 0.6109375 0.0953125 0.15
2 0.97578125 0.58203125 0.0484375 0.1359375
2 0.95703125 0.42421875 0.0453125 0.1046875
2 0.934375 0.43359375 0.0484375 0.10625
2 0.896875 0.39453125 0.05625 0.0921875
2 0.78515625 0.421875 0.05625 0.1078125
2 0.69453125 0.33515625 0.05625 0.0875
2 0.65234375 0.471875 0.08125 0.1328125
2 0.58046875 0.45 0.075 0.1296875
2 0.42578125 0.3546875 0.0609375 0.10625
2 0.440625 0.29765625 0.046875 0.078125
2 0.26328125 0.26328125 0.0625 0.1
0 0.55625 0.10625 0.0140625 0.0140625