1 0.04453125 0.5625 0.0328125 0.103125
2 0.2140625 0.290625 0.025 0.053125
2 0.32421875 0.2984375 0.02578125 0.0609375
2 0.36640625 0.340625 0.02734375 0.0625
2 0.4015625 0.30703125 0.03125 0.0734375
2 0.43984375 0.34609375 0.01484375 0.05625
2 0.453125 0.37734375 0.0296875 0.059375
2 0.575 0.3375 0.02421875 0.07890625
2 0.66796875 0.390625 0.0296875 0.07421875
2 0.71015625 0.28125 0.0328125 0.05234375
2 0.65390625 0.2546875 0.02421875 0.05
2 0.49609375 0.22578125 0.015625 0.04765625
2 0.48125 0.2453125 0.01796875 0.053125
2 0.3625 0.1828125 0.015625 0.04140625
2 0.43203125 0.196875 0.01328125 0.0484375
1 0.521875 0.17265625 0.0125 0.0390625
0 0.50234375 0.31953125 0.0109375 0.01953125