2 0.0625 0.59765625 0.03203125 0.13359375
2 0.196875 0.59375 0.02265625 0.12890625
2 0.215625 0.609375 0.0234375 0.13515625
2 0.234375 0.6 0.02109375 0.12109375
2 0.34921875 0.65078125 0.0421875 0.1671875
2 0.459375 0.578125 0.0421875 0.109375
2 0.52109375 0.5765625 0.02890625 0.09765625
2 0.5484375 0.60234375 0.0453125 0.1328125
2 0.5859375 0.5921875 0.053125 0.121875
0 0.57109375 0.4796875 0.01953125 0.0234375
2 0.70625 0.603125 0.0265625 0.1296875
2 0.7296875 0.59921875 0.03125 0.1375
2 0.77890625 0.63515625 0.046875 0.1390625
2 0.66171875 0.6375 0.03046875 0.1390625
2 0.66875 0.5984375 0.021875 0.1046875
1 0.88203125 0.584375 0.03046875 0.15
1 0.159375 0.78046875 0.0578125 0.19765625