2 0.51171875 0.33125 0.03125 0.071875
2 0.47109375 0.32890625 0.01875 0.06796875
2 0.4578125 0.359375 0.0140625 0.0796875
2 0.44453125 0.36875 0.01953125 0.075
2 0.49375 0.44453125 0.0296875 0.11640625
2 0.5765625 0.45859375 0.03046875 0.1390625
2 0.63671875 0.44140625 0.02890625 0.0984375
2 0.59921875 0.3453125 0.02734375 0.07734375
2 0.60859375 0.290625 0.01171875 0.06484375
2 0.63359375 0.3015625 0.015625 0.065625
2 0.63671875 0.34140625 0.02109375 0.06796875
2 0.68203125 0.32421875 0.01875 0.07734375
2 0.71171875 0.4140625 0.02578125 0.09921875
2 0.74296875 0.3203125 0.02890625 0.06953125
0 0.584375 0.325 0.0109375 0.01640625