2 0.9484375 0.5046875 0.059375 0.1375
2 0.815625 0.52890625 0.0484375 0.13125
2 0.80078125 0.54765625 0.0515625 0.1375
2 0.78046875 0.54296875 0.0453125 0.1234375
2 0.67890625 0.61640625 0.0765625 0.171875
2 0.55625 0.56796875 0.0640625 0.115625
2 0.4953125 0.57890625 0.0484375 0.1015625
2 0.47421875 0.61015625 0.071875 0.1390625
2 0.43515625 0.6078125 0.0765625 0.1296875
0 0.4265625 0.49453125 0.0234375 0.0265625
2 0.31953125 0.64375 0.053125 0.1328125
2 0.29609375 0.64453125 0.059375 0.140625
2 0.25546875 0.68984375 0.075 0.1453125
2 0.3703125 0.66796875 0.059375 0.1421875
2 0.35546875 0.63125 0.04375 0.10625
1 0.14375 0.66171875 0.0609375 0.153125
1 0.89140625 0.70390625 0.096875 0.2046875