2 0.21328125 0.271875 0.0328125 0.06875
2 0.403125 0.17734375 0.0234375 0.0546875
2 0.4734375 0.2 0.021875 0.05
2 0.66484375 0.29375 0.0328125 0.06875
2 0.71640625 0.325 0.0296875 0.0609375
2 0.62265625 0.425 0.0375 0.0796875
2 0.575 0.3796875 0.0375 0.0796875
2 0.48828125 0.246875 0.021875 0.05
2 0.47421875 0.25859375 0.0265625 0.0609375
2 0.43203125 0.32578125 0.028125 0.0609375
2 0.428125 0.3703125 0.03125 0.071875
2 0.3609375 0.30234375 0.028125 0.059375
2 0.340625 0.328125 0.0375 0.0640625
2 0.3265625 0.3 0.0265625 0.0578125
1 0.58203125 0.1921875 0.0203125 0.046875