2 0.46484375 0.334375 0.040625 0.075
2 0.5046875 0.3265625 0.028125 0.0703125
2 0.521875 0.3546875 0.025 0.08125
2 0.53671875 0.3625 0.0296875 0.0765625
2 0.4984375 0.44453125 0.0453125 0.11875
2 0.41875 0.46953125 0.05 0.1421875
2 0.35625 0.4609375 0.0421875 0.1015625
2 0.38046875 0.3609375 0.0375 0.0796875
2 0.36328125 0.3078125 0.0203125 0.065625
2 0.33984375 0.321875 0.025 0.0671875
2 0.3421875 0.36171875 0.0296875 0.0703125
2 0.2953125 0.3515625 0.0296875 0.0796875
2 0.278125 0.44453125 0.0390625 0.1015625
2 0.234375 0.35625 0.0390625 0.0734375
0 0.3921875 0.33828125 0.0125 0.0171875