1 0.48671875 0.44375 0.02734375 0.08828125
2 0.5375 0.4875 0.03125 0.1109375
2 0.60078125 0.51640625 0.02734375 0.1109375
2 0.56875 0.6046875 0.03828125 0.14296875
2 0.63984375 0.62109375 0.0421875 0.14375
2 0.41171875 0.55 0.04140625 0.1203125
2 0.36796875 0.56875 0.0390625 0.134375
2 0.29453125 0.553125 0.03125 0.10546875
2 0.31328125 0.6140625 0.03671875 0.1421875
2 0.2984375 0.68203125 0.04921875 0.1546875
2 0.18125 0.5765625 0.05 0.13828125
2 0.98828125 0.734375 0.0234375 0.17578125
2 0.9796875 0.5640625 0.040625 0.1109375