2 0.04765625 0.56875 0.0953125 0.171875
2 0.153125 0.56640625 0.0765625 0.1609375
2 0.28671875 0.5 0.0453125 0.0984375
2 0.31953125 0.48828125 0.0578125 0.078125
2 0.25390625 0.53125 0.0734375 0.1453125
2 0.29453125 0.5625 0.059375 0.125
0 0.31640625 0.525 0.0171875 0.03125
2 0.38828125 0.603125 0.0703125 0.14375
2 0.5671875 0.6140625 0.0625 0.1328125
2 0.521875 0.55859375 0.0484375 0.075
2 0.49765625 0.5796875 0.0625 0.11875
2 0.509375 0.6296875 0.0609375 0.1265625
2 0.71328125 0.64140625 0.0546875 0.1265625
2 0.76484375 0.6375 0.0546875 0.125
2 0.809375 0.65234375 0.0578125 0.1265625
1 0.8078125 0.59375 0.04375 0.10625
1 0.48828125 0.771875 0.0890625 0.190625