2 0.81171875 0.43359375 0.04375 0.096875
2 0.77578125 0.4171875 0.0421875 0.0890625
2 0.76484375 0.36171875 0.034375 0.0625
2 0.7734375 0.33671875 0.01875 0.04375
2 0.53359375 0.30546875 0.03125 0.0609375
2 0.50625 0.3015625 0.0296875 0.06875
2 0.41953125 0.303125 0.0390625 0.0578125
2 0.4078125 0.365625 0.04375 0.0875
2 0.36171875 0.31328125 0.0375 0.06875
2 0.2890625 0.42109375 0.0421875 0.10625
2 0.23046875 0.35546875 0.0421875 0.0859375
2 0.24375 0.42578125 0.0453125 0.10625
2 0.20625 0.46015625 0.05625 0.13125
2 0.09765625 0.39453125 0.053125 0.1046875
1 0.83046875 0.31171875 0.028125 0.065625