2 0.140625 0.553125 0.0578125 0.0953125
2 0.29375 0.4640625 0.0453125 0.0703125
2 0.30234375 0.5171875 0.0515625 0.09375
2 0.271875 0.3953125 0.046875 0.0828125
2 0.21953125 0.4234375 0.0625 0.08125
2 0.240625 0.22734375 0.03125 0.05625
1 0.41875 0.13515625 0.025 0.0484375
2 0.31953125 0.21953125 0.028125 0.0609375
2 0.51640625 0.22890625 0.0375 0.08125
2 0.5421875 0.23984375 0.040625 0.078125
2 0.50703125 0.38984375 0.053125 0.0984375
2 0.56015625 0.4953125 0.059375 0.115625
2 0.38359375 0.3046875 0.0453125 0.0828125
2 0.3078125 0.334375 0.03125 0.071875
2 0.325 0.34609375 0.03125 0.0765625
0 0.20546875 0.41640625 0.0125 0.01875