2 0.27734375 0.3140625 0.0265625 0.1
2 0.4875 0.26328125 0.015625 0.0734375
2 0.5859375 0.3078125 0.01875 0.096875
2 0.65625 0.36328125 0.025 0.103125
2 0.709375 0.36484375 0.0234375 0.09375
2 0.68828125 0.3875 0.046875 0.103125
2 0.73515625 0.21953125 0.01875 0.059375
2 0.703125 0.2796875 0.021875 0.090625
2 0.8078125 0.2609375 0.025 0.071875
2 0.76953125 0.353125 0.028125 0.1
2 0.821875 0.38984375 0.040625 0.1140625
2 0.79140625 0.45 0.0375 0.153125
2 0.87109375 0.31875 0.046875 0.084375
2 0.9796875 0.28515625 0.028125 0.078125
0 0.8453125 0.38203125 0.01875 0.021875