2 0.7046875 0.45078125 0.0140625 0.0609375
2 0.6875 0.4546875 0.0203125 0.059375
2 0.64609375 0.45234375 0.021875 0.046875
2 0.6640625 0.4734375 0.0234375 0.06875
2 0.63125 0.4234375 0.0140625 0.0421875
2 0.6203125 0.44140625 0.015625 0.0453125
2 0.58984375 0.4453125 0.0140625 0.0546875
2 0.57265625 0.4546875 0.021875 0.0640625
2 0.5546875 0.48203125 0.0234375 0.0734375
2 0.5375 0.4078125 0.0140625 0.040625
2 0.5265625 0.43671875 0.0171875 0.053125
2 0.484375 0.4046875 0.0140625 0.05625
2 0.4703125 0.43828125 0.0125 0.05
2 0.46328125 0.44609375 0.01875 0.053125