1 0.90703125 0.7296875 0.0453125 0.19375
1 0.696875 0.50078125 0.01953125 0.10234375
2 0.828125 0.5890625 0.03046875 0.1171875
2 0.68359375 0.5375 0.021875 0.09609375
2 0.6515625 0.590625 0.0328125 0.11796875
2 0.59609375 0.56796875 0.034375 0.11484375
2 0.55390625 0.53984375 0.02265625 0.11328125
2 0.5328125 0.528125 0.021875 0.10234375
2 0.478125 0.578125 0.02734375 0.10625
2 0.48515625 0.53125 0.01875 0.06484375
2 0.3765625 0.61796875 0.03046875 0.1265625
2 0.40546875 0.61171875 0.04140625 0.13359375
0 0.42890625 0.57265625 0.0125 0.0265625
2 0.2921875 0.5375 0.02265625 0.08828125
2 0.2640625 0.54140625 0.0265625 0.08671875
2 0.09921875 0.6390625 0.03828125 0.146875
2 0.04921875 0.6578125 0.0375 0.146875