2 0.66484375 0.540625 0.028125 0.11015625
2 0.6609375 0.48359375 0.0296875 0.0625
2 0.68984375 0.54609375 0.0328125 0.109375
2 0.5421875 0.50546875 0.02890625 0.109375
2 0.525 0.4859375 0.0234375 0.090625
2 0.4359375 0.55234375 0.0328125 0.1125
2 0.60390625 0.4671875 0.02734375 0.084375
2 0.32578125 0.575 0.03515625 0.13984375
2 0.2234375 0.48984375 0.02265625 0.103125
2 0.2359375 0.54921875 0.02578125 0.125
2 0.18828125 0.58984375 0.04765625 0.1390625
2 0.1921875 0.5203125 0.03828125 0.10546875
1 0.3703125 0.7953125 0.07265625 0.27265625