2 0.1671875 0.53359375 0.03046875 0.109375
2 0.21953125 0.51328125 0.0265625 0.1046875
2 0.3484375 0.44375 0.02890625 0.08125
2 0.41796875 0.51796875 0.0296875 0.0984375
2 0.49453125 0.50703125 0.034375 0.1109375
2 0.46796875 0.43984375 0.025 0.090625
1 0.534375 0.425 0.02578125 0.08203125
2 0.690625 0.465625 0.01875 0.090625
2 0.66875 0.4671875 0.0328125 0.09140625
2 0.6046875 0.5390625 0.05546875 0.0609375
2 0.61484375 0.5734375 0.03203125 0.10390625
1 0.6015625 0.56875 0.0140625 0.02109375
2 0.8875 0.55 0.03984375 0.10625
2 0.95625 0.5515625 0.03125 0.1234375