2 0.13828125 0.46484375 0.0375 0.0890625
2 0.30859375 0.41484375 0.03046875 0.065625
2 0.30390625 0.46875 0.03046875 0.0890625
2 0.30390625 0.34296875 0.02890625 0.078125
2 0.24609375 0.3578125 0.04609375 0.071875
2 0.3140625 0.17265625 0.01796875 0.05390625
1 0.509375 0.1265625 0.0140625 0.046875
2 0.39296875 0.184375 0.01328125 0.06015625
2 0.58125 0.240625 0.01875 0.0796875
2 0.60390625 0.2578125 0.02265625 0.07421875
2 0.53359375 0.39453125 0.03125 0.09375
2 0.559375 0.51015625 0.0328125 0.11171875
2 0.434375 0.28203125 0.0265625 0.07890625
2 0.35390625 0.29296875 0.01484375 0.07109375
2 0.3671875 0.30859375 0.0140625 0.07578125
0 0.234375 0.34765625 0.009375 0.0171875