1 0.1984375 0.73203125 0.04765625 0.18515625
1 0.80703125 0.57109375 0.02734375 0.14375
2 0.77421875 0.63359375 0.03671875 0.1359375
2 0.73828125 0.6015625 0.028125 0.13671875
2 0.6421875 0.61328125 0.025 0.13515625
2 0.60625 0.59765625 0.034375 0.13046875
2 0.5546875 0.609375 0.046875 0.14453125
2 0.471875 0.575 0.01875 0.1328125
2 0.4328125 0.57890625 0.02578125 0.12109375
2 0.45078125 0.590625 0.021875 0.13515625
2 0.4875 0.58671875 0.03125 0.13203125
2 0.34375 0.63203125 0.04296875 0.16015625
2 0.25 0.58203125 0.0203125 0.11328125
2 0.2390625 0.5953125 0.02578125 0.128125
2 0.12734375 0.6 0.0375 0.15078125
2 0.07890625 0.60234375 0.0421875 0.140625