2 0.0328125 0.49765625 0.06484375 0.1390625
2 0.01328125 0.46328125 0.0265625 0.1328125
2 0.075 0.315625 0.02109375 0.10234375
2 0.09453125 0.33046875 0.02421875 0.10390625
2 0.140625 0.3015625 0.0375 0.08515625
2 0.2421875 0.35546875 0.0328125 0.103125
2 0.35078125 0.29296875 0.03828125 0.08125
2 0.35859375 0.4359375 0.05390625 0.12265625
2 0.434375 0.43203125 0.04609375 0.12265625
2 0.60703125 0.3765625 0.03828125 0.09921875
2 0.60625 0.31796875 0.03046875 0.0734375
2 0.78671875 0.32734375 0.040625 0.09296875
0 0.540625 0.1046875 0.0125 0.0109375