2 0.24375 0.44375 0.084375 0.2046875
2 0.48984375 0.45 0.1015625 0.178125
2 0.7 0.546875 0.0828125 0.19375
2 0.71640625 0.57734375 0.0984375 0.196875
2 0.76015625 0.39375 0.046875 0.1171875
2 0.83984375 0.27109375 0.028125 0.0640625
2 0.87890625 0.296875 0.0390625 0.078125
2 0.8484375 0.315625 0.0390625 0.08125
2 0.80859375 0.31875 0.0390625 0.0859375
2 0.63359375 0.25234375 0.034375 0.084375
2 0.60546875 0.253125 0.0453125 0.1
2 0.5203125 0.2953125 0.06875 0.1171875
2 0.59765625 0.31953125 0.05 0.0921875
2 0.625 0.321875 0.04375 0.096875