2 0.846875 0.30859375 0.075 0.2890625
2 0.7078125 0.35703125 0.053125 0.2625
2 0.59375 0.36171875 0.0671875 0.290625
2 0.44140625 0.34453125 0.06875 0.2875
2 0.24140625 0.36484375 0.0578125 0.2703125
2 0.0890625 0.36796875 0.0546875 0.275
2 0.01328125 0.365625 0.0265625 0.265625
2 0.3515625 0.146875 0.0109375 0.0421875
2 0.4140625 0.14296875 0.0109375 0.0390625
2 0.4234375 0.1421875 0.0078125 0.0390625
2 0.4390625 0.1421875 0.009375 0.04375
2 0.45859375 0.14296875 0.009375 0.0359375
2 0.48515625 0.13984375 0.0109375 0.0375
2 0.5296875 0.1375 0.0109375 0.0421875