2 0.659375 0.4421875 0.06796875 0.26484375
2 0.58828125 0.4578125 0.0515625 0.2640625
2 0.44921875 0.43046875 0.0796875 0.30625
2 0.36328125 0.4328125 0.059375 0.278125
2 0.27734375 0.4578125 0.0640625 0.2953125
2 0.26953125 0.31171875 0.04453125 0.11484375
2 0.13125 0.45859375 0.0890625 0.28984375
0 0.25390625 0.49453125 0.021875 0.07109375
2 0.5359375 0.11796875 0.009375 0.03984375
2 0.54296875 0.11796875 0.00703125 0.04453125
2 0.52109375 0.1171875 0.0078125 0.03828125
2 0.50859375 0.11875 0.009375 0.040625
2 0.49765625 0.11796875 0.009375 0.04375
2 0.48671875 0.11640625 0.0109375 0.04453125
2 0.45703125 0.11796875 0.009375 0.040625