2 0.94375 0.63671875 0.0546875 0.121875
2 0.803125 0.6 0.0671875 0.1359375
2 0.584375 0.53359375 0.075 0.1390625
2 0.4921875 0.52734375 0.0640625 0.1265625
2 0.35859375 0.70234375 0.109375 0.1921875
2 0.321875 0.58828125 0.1109375 0.178125
2 0.2203125 0.571875 0.096875 0.1640625
0 0.6140625 0.49140625 0.015625 0.01875
1 0.90234375 0.58359375 0.0546875 0.1140625
2 0.15390625 0.5140625 0.0765625 0.153125
2 0.07265625 0.47265625 0.078125 0.1359375
2 0.11640625 0.69296875 0.140625 0.23125
2 0.2890625 0.4625 0.046875 0.1125
2 0.3015625 0.48515625 0.0484375 0.1109375