1 0.2 0.278125 0.02109375 0.0671875
2 0.265625 0.3296875 0.0296875 0.065625
2 0.25390625 0.321875 0.01640625 0.05859375
2 0.253125 0.3984375 0.02421875 0.09609375
2 0.225 0.40703125 0.03359375 0.10078125
2 0.48671875 0.31171875 0.0328125 0.06171875
2 0.52890625 0.30390625 0.01484375 0.06796875
2 0.55625 0.321875 0.034375 0.06015625
2 0.60859375 0.32578125 0.0328125 0.0640625
2 0.6390625 0.365625 0.025 0.078125
2 0.6640625 0.42734375 0.02890625 0.09140625
2 0.80625 0.38515625 0.03671875 0.08984375
2 0.8515625 0.4328125 0.03984375 0.10390625
2 0.703125 0.4640625 0.028125 0.109375
2 0.73125 0.48359375 0.03125 0.11875