2 0.04375 0.51640625 0.05625 0.15
2 0.1453125 0.53203125 0.0609375 0.1390625
2 0.23984375 0.546875 0.04375 0.125
2 0.22265625 0.55078125 0.0578125 0.1375
2 0.28671875 0.6015625 0.0671875 0.16875
2 0.478125 0.571875 0.0421875 0.1171875
2 0.43203125 0.575 0.040625 0.121875
2 0.45625 0.58125 0.0375 0.1140625
0 0.46328125 0.51484375 0.01875 0.025
2 0.51875 0.58515625 0.053125 0.128125
2 0.62734375 0.63671875 0.0578125 0.146875
2 0.65859375 0.628125 0.0390625 0.1328125
2 0.66796875 0.6546875 0.046875 0.1359375
2 0.7203125 0.640625 0.0484375 0.1390625
2 0.75859375 0.68125 0.0546875 0.1484375
1 0.8171875 0.6265625 0.0625 0.146875
1 0.1515625 0.68984375 0.08125 0.1828125