1 0.59140625 0.446875 0.0390625 0.10625
2 0.68125 0.50859375 0.034375 0.115625
2 0.7109375 0.51953125 0.0453125 0.1375
2 0.58125 0.61640625 0.05 0.1640625
2 0.60625 0.65234375 0.05 0.1984375
2 0.478125 0.49140625 0.0421875 0.1
2 0.4296875 0.4890625 0.03125 0.1
2 0.46640625 0.53828125 0.053125 0.1078125
2 0.43671875 0.55625 0.0234375 0.103125
2 0.45703125 0.61171875 0.0375 0.165625
2 0.3671875 0.52890625 0.0390625 0.1125
2 0.39765625 0.52734375 0.0390625 0.121875
0 0.4140625 0.46875 0.015625 0.0171875
2 0.38984375 0.6140625 0.040625 0.146875
2 0.40859375 0.63984375 0.0453125 0.1703125
2 0.2640625 0.58046875 0.0546875 0.14375