2 0.815625 0.346875 0.0390625 0.096875
2 0.765625 0.334375 0.0328125 0.096875
2 0.734375 0.30078125 0.040625 0.071875
2 0.73359375 0.26875 0.01875 0.028125
1 0.78984375 0.22890625 0.03125 0.065625
2 0.5015625 0.3 0.0234375 0.0625
2 0.4796875 0.2953125 0.025 0.0671875
2 0.42109375 0.38359375 0.05625 0.0890625
2 0.334375 0.3359375 0.034375 0.0671875
2 0.27578125 0.35546875 0.0359375 0.0703125
2 0.246875 0.42578125 0.0515625 0.0953125
2 0.18671875 0.4921875 0.0453125 0.1078125
2 0.13984375 0.55 0.0515625 0.11875
2 0.22578125 0.5015625 0.059375 0.1140625
2 0.02734375 0.51015625 0.0546875 0.1078125