2 0.109375 0.5125 0.034375 0.084375
2 0.1421875 0.5359375 0.0359375 0.1125
2 0.18046875 0.61796875 0.05 0.1328125
2 0.221875 0.55078125 0.0390625 0.1046875
2 0.325 0.5109375 0.0421875 0.1
2 0.2453125 0.61796875 0.0515625 0.159375
2 0.3421875 0.62421875 0.0359375 0.165625
2 0.3859375 0.63515625 0.059375 0.146875
2 0.76171875 0.52265625 0.0375 0.1203125
2 0.79609375 0.5234375 0.0421875 0.1140625
2 0.7375 0.5765625 0.0390625 0.14375
1 0.90078125 0.4671875 0.034375 0.109375
2 0.93671875 0.57890625 0.0375 0.128125
1 0.64765625 0.8109375 0.059375 0.2296875
0 0.25703125 0.559375 0.0171875 0.028125