2 0.70390625 0.446875 0.0125 0.0609375
2 0.68671875 0.4515625 0.01875 0.0578125
2 0.6453125 0.44921875 0.0203125 0.046875
2 0.66328125 0.4703125 0.0234375 0.06875
2 0.63046875 0.42109375 0.0140625 0.0421875
2 0.61953125 0.4390625 0.015625 0.0453125
2 0.5890625 0.44375 0.0140625 0.0546875
2 0.571875 0.453125 0.0203125 0.0625
2 0.5546875 0.48046875 0.021875 0.071875
2 0.5359375 0.4078125 0.0125 0.040625
2 0.52578125 0.4359375 0.0171875 0.053125
2 0.4828125 0.4046875 0.0125 0.05625
2 0.46953125 0.4390625 0.0109375 0.05
2 0.46171875 0.446875 0.0171875 0.053125