2 0.86171875 0.534375 0.053125 0.0953125
2 0.70390625 0.453125 0.0421875 0.0703125
2 0.6984375 0.50703125 0.046875 0.09375
2 0.72265625 0.38359375 0.04375 0.0828125
2 0.7765625 0.40859375 0.059375 0.0796875
2 0.7453125 0.2140625 0.028125 0.05625
1 0.56171875 0.13125 0.0234375 0.0484375
2 0.665625 0.2109375 0.025 0.0609375
2 0.46953125 0.2296875 0.034375 0.08125
2 0.44453125 0.2421875 0.0359375 0.0765625
2 0.4875 0.38984375 0.0484375 0.0984375
2 0.43984375 0.4984375 0.053125 0.115625
2 0.60625 0.2984375 0.040625 0.0828125
2 0.6828125 0.325 0.028125 0.071875
2 0.6671875 0.3375 0.028125 0.0765625
0 0.78984375 0.40078125 0.0125 0.01875