1 0.1828125 0.71015625 0.0609375 0.1875
1 0.8015625 0.5921875 0.0375 0.1453125
2 0.7640625 0.65234375 0.046875 0.1375
2 0.73046875 0.61796875 0.0375 0.1390625
2 0.63359375 0.62265625 0.034375 0.1359375
2 0.59921875 0.6046875 0.04375 0.1328125
2 0.546875 0.61328125 0.05625 0.146875
2 0.46640625 0.57265625 0.028125 0.134375
2 0.42734375 0.57421875 0.034375 0.121875
2 0.44453125 0.58671875 0.03125 0.1359375
2 0.48125 0.5859375 0.040625 0.134375
2 0.33515625 0.62109375 0.0546875 0.1625
2 0.24453125 0.5640625 0.028125 0.1140625
2 0.2328125 0.5765625 0.034375 0.1296875
2 0.12109375 0.5734375 0.0484375 0.153125
2 0.07265625 0.57265625 0.0515625 0.14375