2 0.7328125 0.5109375 0.0359375 0.11640625
2 0.675 0.509375 0.02578125 0.1109375
2 0.6328125 0.53984375 0.03671875 0.12578125
2 0.5671875 0.553125 0.0375 0.1359375
2 0.5421875 0.45625 0.034375 0.09296875
2 0.5125 0.48046875 0.03671875 0.1046875
0 0.74375 0.4640625 0.0125 0.028125
2 0.38125 0.54453125 0.03671875 0.12421875
2 0.3015625 0.57421875 0.03359375 0.153125
2 0.13671875 0.484375 0.0234375 0.08515625
2 0.15390625 0.53671875 0.028125 0.125
2 0.08984375 0.53515625 0.034375 0.13046875
2 0.06484375 0.58515625 0.03984375 0.1671875
1 0.21796875 0.803125 0.07265625 0.30078125