2 0.33671875 0.578125 0.02578125 0.10625
2 0.31484375 0.61796875 0.02890625 0.11640625
2 0.49296875 0.70546875 0.04140625 0.17578125
2 0.45234375 0.72109375 0.05078125 0.171875
2 0.5546875 0.578125 0.01875 0.10859375
2 0.5671875 0.5921875 0.0296875 0.09375
2 0.75625 0.56484375 0.04921875 0.09375
2 0.87109375 0.55859375 0.03203125 0.11015625
2 0.821875 0.64375 0.03046875 0.13046875
2 0.9125 0.6484375 0.034375 0.13203125
2 0.98984375 0.57421875 0.0203125 0.0953125
1 0.9890625 0.5140625 0.021875 0.059375
1 0.07109375 0.5609375 0.025 0.0640625
0 0.1890625 0.403125 0.01484375 0.01953125