2 0.9640625 0.5296875 0.071875 0.14375
2 0.98515625 0.496875 0.0296875 0.134375
2 0.93671875 0.34609375 0.028125 0.103125
2 0.91640625 0.359375 0.03125 0.1046875
2 0.87265625 0.32734375 0.04375 0.0875
2 0.7671875 0.3734375 0.040625 0.1046875
2 0.66328125 0.30390625 0.04375 0.084375
2 0.6453125 0.44609375 0.0625 0.1265625
2 0.5703125 0.43671875 0.0546875 0.125
2 0.4015625 0.36953125 0.0453125 0.1015625
2 0.40703125 0.3109375 0.0359375 0.075
2 0.22578125 0.3078125 0.046875 0.0953125
0 0.48671875 0.103125 0.0125 0.0125