1 0.5171875 0.44453125 0.0328125 0.090625
2 0.46328125 0.48515625 0.0390625 0.1125
2 0.3984375 0.509375 0.034375 0.1125
2 0.42421875 0.6 0.0484375 0.1453125
2 0.35234375 0.6109375 0.0515625 0.146875
2 0.584375 0.55625 0.05 0.1234375
2 0.6265625 0.578125 0.0484375 0.1375
2 0.7015625 0.5671875 0.0390625 0.1078125
2 0.678125 0.6265625 0.046875 0.14375
2 0.68828125 0.6953125 0.059375 0.1578125
2 0.8125 0.5984375 0.059375 0.1421875
2 0.00703125 0.69921875 0.0140625 0.1765625
2 0.0203125 0.53046875 0.040625 0.1140625