1 0.1984375 0.24140625 0.0234375 0.06875
2 0.24296875 0.29140625 0.028125 0.065625
2 0.2625 0.29765625 0.03125 0.071875
2 0.25703125 0.378125 0.03125 0.0953125
2 0.23984375 0.3921875 0.046875 0.1
2 0.465625 0.296875 0.03125 0.0765625
2 0.50859375 0.3140625 0.0328125 0.0671875
2 0.5375 0.30546875 0.025 0.0671875
2 0.5609375 0.32421875 0.0390625 0.08125
2 0.6125 0.4109375 0.0359375 0.096875
2 0.66796875 0.37109375 0.040625 0.0765625
2 0.6484375 0.4625 0.0421875 0.1109375
2 0.67734375 0.47265625 0.04375 0.1140625
2 0.7875 0.43828125 0.046875 0.0984375
2 0.8390625 0.4015625 0.0453125 0.0890625