2 0.0375 0.54140625 0.03125 0.11875
2 0.1828125 0.53515625 0.040625 0.13046875
2 0.41015625 0.515625 0.04921875 0.13203125
2 0.50234375 0.528125 0.040625 0.1203125
2 0.59609375 0.72734375 0.07265625 0.18125
2 0.65625 0.6234375 0.07890625 0.165625
2 0.75859375 0.628125 0.06640625 0.153125
0 0.38984375 0.46796875 0.01328125 0.01640625
1 0.0890625 0.4984375 0.03203125 0.109375
2 0.8359375 0.5859375 0.046875 0.146875
2 0.9234375 0.56171875 0.053125 0.128125
2 0.83515625 0.76875 0.0984375 0.215625
2 0.7140625 0.50703125 0.025 0.109375
2 0.696875 0.5265625 0.0265625 0.1078125