1 0.4078125 0.4484375 0.0375 0.1046875
2 0.31875 0.51171875 0.0328125 0.115625
2 0.28984375 0.5234375 0.04375 0.1359375
2 0.42109375 0.61796875 0.0484375 0.1640625
2 0.39609375 0.65390625 0.046875 0.196875
2 0.52109375 0.49140625 0.040625 0.0984375
2 0.5703125 0.4875 0.0296875 0.1
2 0.534375 0.53828125 0.0515625 0.1078125
2 0.56484375 0.55546875 0.021875 0.1015625
2 0.54453125 0.6109375 0.0359375 0.165625
2 0.63359375 0.5265625 0.0359375 0.1109375
2 0.603125 0.52578125 0.0375 0.1203125
0 0.5859375 0.4671875 0.015625 0.0171875
2 0.61171875 0.61171875 0.0390625 0.146875
2 0.59375 0.63828125 0.0421875 0.16875
2 0.7375 0.5765625 0.053125 0.14375