2 0.30546875 0.8921875 0.0609375 0.134375
2 0.3390625 0.77734375 0.046875 0.121875
2 0.26953125 0.4 0.0421875 0.09375
2 0.6359375 0.440625 0.0296875 0.0890625
2 0.7 0.515625 0.0375 0.10625
2 0.88828125 0.38671875 0.028125 0.0703125
2 0.9765625 0.42265625 0.0390625 0.0828125
2 0.66875 0.2296875 0.0234375 0.0625
1 0.6 0.21953125 0.0171875 0.0625
2 0.53359375 0.25 0.0234375 0.065625
2 0.45859375 0.26484375 0.021875 0.0578125
2 0.47265625 0.24375 0.0140625 0.065625
2 0.48671875 0.2625 0.0171875 0.0546875
0 0.42578125 0.0953125 0.0078125 0.0125