2 0.07734375 0.5765625 0.075 0.06875
2 0.23203125 0.559375 0.0640625 0.140625
2 0.3046875 0.54140625 0.0640625 0.1234375
2 0.3765625 0.49140625 0.04140625 0.11171875
0 0.36484375 0.50234375 0.02109375 0.02421875
2 0.471875 0.51015625 0.040625 0.09140625
2 0.6015625 0.5453125 0.040625 0.128125
2 0.5375 0.59453125 0.02421875 0.1453125
2 0.54765625 0.55625 0.01953125 0.1078125
2 0.52421875 0.60859375 0.0328125 0.15703125
2 0.56640625 0.62421875 0.040625 0.16171875
2 0.74609375 0.53125 0.0265625 0.13671875
2 0.76875 0.54140625 0.03203125 0.13984375
2 0.70390625 0.64453125 0.025 0.17890625
2 0.684375 0.6546875 0.0453125 0.184375
1 0.66328125 0.453125 0.0328125 0.11640625