2 0.16796875 0.38671875 0.028125 0.09453125
2 0.21640625 0.36796875 0.021875 0.0953125
2 0.24296875 0.33046875 0.03203125 0.06796875
2 0.23984375 0.29921875 0.01484375 0.0265625
1 0.1796875 0.26640625 0.0234375 0.06328125
2 0.47421875 0.3015625 0.01640625 0.06171875
2 0.4953125 0.29453125 0.0171875 0.065625
2 0.5640625 0.375 0.04609375 0.08359375
2 0.64453125 0.3171875 0.0265625 0.0640625
2 0.7046875 0.32890625 0.02734375 0.0671875
2 0.7421875 0.3953125 0.04140625 0.09140625
2 0.81015625 0.45390625 0.0328125 0.1046875
2 0.86328125 0.50546875 0.03828125 0.115625
2 0.77265625 0.46796875 0.04609375 0.109375
2 0.971875 0.453125 0.04609375 0.10234375