1 0.4078125 0.89765625 0.11015625 0.2046875
0 0.43984375 0.77109375 0.028125 0.04140625
2 0.0734375 0.61015625 0.04453125 0.18046875
1 0.065625 0.49296875 0.0328125 0.1015625
2 0.31328125 0.525 0.0328125 0.1328125
2 0.38203125 0.59765625 0.04921875 0.1546875
2 0.628125 0.5296875 0.02578125 0.13828125
2 0.65625 0.553125 0.0359375 0.140625
2 0.81015625 0.80390625 0.08125 0.25390625
2 0.85234375 0.56171875 0.04609375 0.1546875
2 0.92578125 0.61171875 0.034375 0.16015625
2 0.9796875 0.62421875 0.040625 0.140625
2 0.984375 0.51640625 0.03125 0.09921875