2 0.03671875 0.525 0.0359375 0.1203125
2 0.18203125 0.52421875 0.0453125 0.13125
2 0.409375 0.5125 0.053125 0.134375
2 0.5015625 0.528125 0.0453125 0.121875
2 0.58828125 0.73046875 0.0796875 0.184375
2 0.6515625 0.62890625 0.084375 0.16875
2 0.75390625 0.63671875 0.071875 0.1546875
0 0.39140625 0.4640625 0.0140625 0.0171875
1 0.0890625 0.484375 0.0359375 0.1109375
2 0.8328125 0.59765625 0.0515625 0.1484375
2 0.92109375 0.5765625 0.0578125 0.1296875
2 0.82578125 0.78046875 0.10625 0.21875
2 0.7140625 0.51484375 0.028125 0.1109375
2 0.69609375 0.53359375 0.0296875 0.109375