2 0.01640625 0.4609375 0.03203125 0.16171875
0 0.01640625 0.428125 0.021875 0.015625
2 0.05078125 0.47578125 0.05078125 0.15546875
2 0.23671875 0.33125 0.02421875 0.096875
2 0.27109375 0.325 0.021875 0.0984375
2 0.26015625 0.4125 0.03046875 0.13828125
2 0.3109375 0.27265625 0.01953125 0.07421875
2 0.4875 0.259375 0.0171875 0.078125
2 0.5046875 0.33046875 0.02421875 0.09765625
2 0.6171875 0.265625 0.0203125 0.06640625
2 0.61015625 0.3234375 0.02109375 0.08359375
2 0.72265625 0.265625 0.015625 0.06875
2 0.8140625 0.4078125 0.0328125 0.13828125
2 0.84921875 0.3796875 0.03984375 0.14453125
2 0.96796875 0.3234375 0.02578125 0.10625