2 0.92734375 0.5390625 0.08125 0.075
2 0.771875 0.5359375 0.0765625 0.1453125
2 0.6984375 0.52421875 0.075 0.128125
2 0.621875 0.48046875 0.0515625 0.115625
0 0.63515625 0.490625 0.0234375 0.0265625
2 0.52890625 0.5078125 0.0484375 0.0953125
2 0.403125 0.55390625 0.0515625 0.13125
2 0.47109375 0.59765625 0.0375 0.146875
2 0.4578125 0.56015625 0.028125 0.109375
2 0.48515625 0.61015625 0.046875 0.159375
2 0.44453125 0.6296875 0.0546875 0.1640625
2 0.2578125 0.55234375 0.0390625 0.1390625
2 0.2359375 0.56484375 0.04375 0.1421875
2 0.309375 0.66171875 0.040625 0.1796875
2 0.3296875 0.6703125 0.0609375 0.1875
1 0.33359375 0.4671875 0.0421875 0.11875