2 0.6671875 0.90546875 0.0703125 0.1375
2 0.64140625 0.7875 0.0546875 0.125
2 0.73671875 0.41640625 0.0484375 0.096875
2 0.36875 0.43125 0.0359375 0.090625
2 0.29921875 0.5015625 0.0453125 0.1078125
2 0.12109375 0.36015625 0.0328125 0.071875
2 0.0296875 0.38984375 0.0453125 0.084375
2 0.35078125 0.21875 0.0265625 0.0640625
1 0.4203125 0.21328125 0.021875 0.0640625
2 0.48359375 0.2484375 0.028125 0.0671875
2 0.5578125 0.26796875 0.025 0.0578125
2 0.5453125 0.24609375 0.01875 0.0671875
2 0.5296875 0.2640625 0.0203125 0.05625
0 0.60234375 0.10078125 0.009375 0.0125