2 0.1671875 0.496875 0.046875 0.1265625
2 0.5671875 0.45546875 0.03671875 0.1234375
2 0.3984375 0.3859375 0.0484375 0.1296875
2 0.3453125 0.375 0.046875 0.0953125
2 0.29140625 0.28203125 0.0390625 0.1109375
2 0.5515625 0.2546875 0.03046875 0.07734375
2 0.4796875 0.1515625 0.0265625 0.09375
2 0.55 0.10625 0.028125 0.06171875
2 0.578125 0.10390625 0.0203125 0.0921875
2 0.3828125 0.040625 0.02734375 0.075
2 0.38984375 0.221875 0.0328125 0.08125
2 0.34296875 0.21796875 0.02265625 0.090625
2 0.32109375 0.19921875 0.02734375 0.08671875
2 0.26640625 0.0359375 0.0203125 0.07109375