2 0.5734375 0.34296875 0.040625 0.09375
2 0.58046875 0.37578125 0.0546875 0.1078125
2 0.48359375 0.36484375 0.053125 0.1171875
2 0.45703125 0.3109375 0.05 0.109375
2 0.35 0.28203125 0.05 0.1015625
2 0.32265625 0.334375 0.05625 0.1078125
2 0.40234375 0.51484375 0.071875 0.159375
2 0.3921875 0.6140625 0.1109375 0.2125
2 0.146875 0.41875 0.0984375 0.1703125
2 0.08828125 0.25 0.0609375 0.1078125
2 0.09453125 0.31796875 0.0640625 0.121875
2 0.06484375 0.43671875 0.1234375 0.1625
2 0.01796875 0.49453125 0.0359375 0.1953125
0 0.02421875 0.440625 0.025 0.0375